41767390132999271  37191050704487458
41767390134047847  37191050704487458
41768490718368871  37191050704487458
41802575578829927  37191050704487458
41802575579878503  37191050704487458
41767390132999303  37191050704487458
41767390134047879  37191050704487458
41766290623468679  37191050704487458
41766291695113351  37191050704487458
41768490718368903  37191050704487458
41802575578829959  37191050704487458
41766291696161927  37191050704487458
41802575579878535  37191050704487458
41767355773260904  37191050704487458
41767355774309480  37191050704487458
41767390132999272  37191050704487458
41767390134047848  37191050704487458
41768456358630504  37191050704487458
41802541219091560  37191050704487458
41802541220140136  37191050704487458
41768490718368872  37191050704487458
41802575578829928  37191050704487458
41802575579878504  37191050704487458
41767355773260936  37191050704487458
41767355774309512  37191050704487458
41766256263730312  37191050704487458
41767390132999304  37191050704487458
41767390134047880  37191050704487458
41766290623468680  37191050704487458
41766257335374984  37191050704487458
41768456358630536  37191050704487458
41802541219091592  37191050704487458
41766257336423560  37191050704487458
41802541220140168  37191050704487458
41766291695113352  37191050704487458
41768490718368904  37191050704487458
41802575578829960  37191050704487458
41766291696161928  37191050704487458
41802575579878536  37191050704487458
41803675090457702  37191050704487458
41802575578828902  37191050704487458
41802575579877478  37191050704487458
41801476067202182  37191050704487458
41803675090457734  37191050704487458
41802575578828934  37191050704487458
41801476068250758  37191050704487458
41802575579877510  37191050704487458
40605245099840551  37191050704487458
40605245099840552  37191050704487458
40605245133394983  37191050704487458
40605245133394984  37191050704487458
40605279526687782  37191050704487458
40605245166949415  37191050704487458
40605245166949416  37191050704487458
40605277379204135  37191050704487458
40605277379204136  37191050704487458
41768491792110695  37191050704487458
41802576652571751  37191050704487458
41802576653620327  37191050704487458
41766292768855175  37191050704487458
41768491792110727  37191050704487458
41802576652571783  37191050704487458
41766292769903751  37191050704487458
41802576653620359  37191050704487458
41768457432372328  37191050704487458
41802542292833384  37191050704487458
41802542293881960  37191050704487458
41768491792110696  37191050704487458
41802576652571752  37191050704487458
41802576653620328  37191050704487458
41766258409116808  37191050704487458
41768457432372360  37191050704487458
41802542292833416  37191050704487458
41766258410165384  37191050704487458
41802542293881992  37191050704487458
41766292768855176  37191050704487458
41768491792110728  37191050704487458
41802576652571784  37191050704487458
41766292769903752  37191050704487458
41802576653620360  37191050704487458
41803676164199526  37191050704487458
41802576652570726  37191050704487458
41802576653619302  37191050704487458
41801477140944006  37191050704487458
41803676164199558  37191050704487458
41802576652570758  37191050704487458
41801477141992582  37191050704487458
41802576653619334  37191050704487458
40605278452945959  37191050704487458
40605278452945960  37191050704487458
41802577727362151  37191050704487458
41766293843645575  37191050704487458
41802577727362183  37191050704487458
41802543367623784  37191050704487458
41802577727362152  37191050704487458
41766259483907208  37191050704487458
41802543367623816  37191050704487458
41766293843645576  37191050704487458
41802577727362184  37191050704487458
41802577727361126  37191050704487458
41801478215734406  37191050704487458
41802577727361158  37191050704487458
41767395503805543  37191051778229282
41767396575450215  37191051778229282
41767396576498791  37191051778229282
41767395503805575  37191051778229282
41766330351916167  37191051778229282
41767396575450247  37191051778229282
41767396576498823  37191051778229282
41766297065919623  37191051778229282
41767361144067176  37191051778229282
41767395503805544  37191051778229282
41767362215711848  37191051778229282
41767362216760424  37191051778229282
41767396575450216  37191051778229282
41767396576498792  37191051778229282
41767361144067208  37191051778229282
41767395503805576  37191051778229282
41766330351916168  37191051778229282
41767362215711880  37191051778229282
41767362216760456  37191051778229282
41766262706181256  37191051778229282
41767396575450248  37191051778229282
41767396576498824  37191051778229282
41766297065919624  37191051778229282
41768496087077990  37191051778229282
41802580947539046  37191051778229282
41802580948587622  37191051778229282
41766297063822470  37191051778229282
41768496087078022  37191051778229282
41802580947539078  37191051778229282
41766297064871046  37191051778229282
41802580948587654  37191051778229282
40605249394807846  37191051778229282
40605248321066023  37191051778229282
40605248321066024  37191051778229282
40605249428362278  37191051778229282
40605248354620455  37191051778229282
40605248354620456  37191051778229282
40570099449566246  37191051778229282
40605249461916710  37191051778229282
40605282747913254  37191051778229282
40605248388174887  37191051778229282
40605248388174888  37191051778229282
41767397650240615  37191051778229282
41767397650240647  37191051778229282
41766298139661447  37191051778229282
41767363290502248  37191051778229282
41767397650240616  37191051778229282
41767363290502280  37191051778229282
41766263779923080  37191051778229282
41767397650240648  37191051778229282
41766298139661448  37191051778229282
41802582022329446  37191051778229282
41766298138612870  37191051778229282
41802582022329478  37191051778229282
217795706844481539  73290184255374337
217795706844514307  73290184255374337
217760522405316611  73290184255374337
217830891149494275  73290184255374337
217761621883389955  73290184255374337
253824503863445507  73290184255374337
289853300882409475  73290184255374337
218921606751324163  73290184255374337
218921606751356931  73290184255374337
218886422312159235  73290184255374337
218956791056336899  73290184255374337
218887521790232579  73290184255374337
254950403770288131  73290184255374337
290979200789252099  73290184255374337
218921606751324164  73290184255374337
218921606751356932  73290184255374337
218886422312159236  73290184255374337
218956791056336900  73290184255374337
218887521790232580  73290184255374337
254950403770288132  73290184255374337
290979200789252100  73290184255374337
217795703321430019  73290183114556417
218921603228272643  73290183114556417
218921603228272644  73290183114556417
329120155249608709  73290183181665281
329225708365875205  73290183181665281
326903539808012293  73290183181665281
328029439714854917  73290183181665281
257097745583769605  73290183181665281
293126542602733573  73290183181665281
326903539808013317  73290183181665281
328029439714855941  73290183181665281
257097745583770629  73290183181665281
293126542602734597  73290183181665281
257097745583771653  73290183181665281
293126542602735621  73290183181665281
254845980129823749  73290183181665281
290874777148787717  73290183181665281
255971880036666373  73290183181665281
292000677055630341  73290183181665281
257097779977063429  73290183181665281
293126576996027397  73290183181665281
257097779977064453  73290183181665281
293126576996028421  73290183181665281
325563443138794506  73219848730117123
325563444212536330  73219848730117123
186163922089447430  37261386129114114
186163923163189254  37261386129114114
186128739864843270  37261386129114114
186128738792150022  37261386129114114
186128773151888390  37261386129114114
186163924236931078  37261386129114114
186128739865891846  37261386129114114
186128774225630214  37261386129114114
181660334273236998  37261388276597762
181625149901149190  37261388276597762
181660334306791430  37261388276597762
181625149934703622  37261388276597762
181624050390569990  37261388276597762
181624050391618566  37261388276597762
181624050424124422  37261388276597762
181624050425172998  37261388276597762
181625115542459398  37261388276597762
181625115543507974  37261388276597762
181625115576013830  37261388276597762
181625115577062406  37261388276597762
181624084750308358  37261388276597762
181624084751356934  37261388276597762
181626215055135750  37261388276597762
181624084783862790  37261388276597762
181624119143601158  37261388276597762
181624084784911366  37261388276597762
181624119144649734  37261388276597762
181626215088690182  37261388276597762
253505880237281322  73219847655326755
289534677256245290  73219847655326755
325563474275209258  73219847655326755
325563472127726634  73219847655326755
325563473201468458  73219847655326755
253505884532248618  73219848729068579
289534681551212586  73219848729068579
325563478570176554  73219848729068579
325563477496435754  73219848729068579
41803672942974055  37191049630745634
41802573431345255  37191049630745634
41802573432393831  37191049630745634
41801473919718535  37191049630745634
41803672942974087  37191049630745634
41802573431345287  37191049630745634
41801473920767111  37191049630745634
41802573432393863  37191049630745634
41803638583235688  37191049630745634
41802539071606888  37191049630745634
41802539072655464  37191049630745634
41803672942974056  37191049630745634
41802573431345256  37191049630745634
41802573432393832  37191049630745634
41801439559980168  37191049630745634
41803638583235720  37191049630745634
41802539071606920  37191049630745634
41801439561028744  37191049630745634
41802539072655496  37191049630745634
41801473919718536  37191049630745634
41803672942974088  37191049630745634
41802573431345288  37191049630745634
41801473920767112  37191049630745634
41802573432393864  37191049630745634
41803672942972006  37191049630745634
41803672942973030  37191049630745634
77831370450309222  37191049630745634
77831370451357798  37191049630745634
41801473919717510  37191049630745634
41803672942972038  37191049630745634
41803672942973062  37191049630745634
77831370450309254  37191049630745634
41801473920766086  37191049630745634
77831370451357830  37191049630745634
291683949826246832  73219780010640420
327712746845210800  73219780010640420
292809849733089456  73219780010640420
328838646752053424  73219780010640420
328838646752056497  73219780010640420
328838646752056400  73219780010640420
255760705957104752  73219780010640420
219731908938139760  73219780010640420
255760705957104784  73219780010640420
219731908938139792  73219780010640420
219731908938140752  73219780010640420
291683949859801264  73219780010640420
291789502976068720  73219780010640420
291789502976068752  73219780010640420
291789502976068784  73219780010640420
256886605863947376  73219780010640420
256886605863948400  73219780010640420
220857808844982384  73219780010640420
256886605863947408  73219780010640420
256886605863948432  73219780010640420
220857808844982416  73219780010640420
220857808844983376  73219780010640420
220857808844984400  73219780010640420
292809849766643888  73219780010640420
292915402882911344  73219780010640420
292915402882912368  73219780010640420
292915402882911376  73219780010640420
292915402882912400  73219780010640420
292915402882911408  73219780010640420
292915402882912432  73219780010640420
218606009031298160  73219780010640420
218606009031330928  73219780010640420
218606009031362672  73219780010640420
218606009031363664  73219780010640420
218604909519734864  73219780010640420
254634806050458738  73219780010673188
290663603069422706  73219780010673188
254634804976715890  73219780010673188
290663601995679858  73219780010673188
254634804976716882  73219780010673188
290663601995680850  73219780010673188
254634804976650322  73219780010673188
290663601995614290  73219780010673188
324335283582801068  72093947816641571
324335283582801070  72093947816641571
324335282509059242  72093947816641571
324335282509059243  72093947816641571
324300098136970412  72093947816641571
324335282509059245  72093947816641571
324300098136970414  72093947816641571
324335281435317421  72093947816641571
324300097063228590  72093947816641571
324335287877768367  72093948890383395
324335286804026542  72093948890383395
144362766608700457  36100302958527522
36137835643835626  36065118519329859
36137835611329770  36065118519329859
36138935122957546  36065118519329859
36137835643835658  36065118519329859
36137835611329802  36065118519329859
36138935122957578  36065118519329859
36137835610281195  36065118519329859
36137835610281227  36065118519329859
36137835677390058  36065118519329859
36137835677390090  36065118519329859
36137835812656362  36065118552884291
36138935324284138  36065118552884291
36137835812656394  36065118552884291
36138935324284170  36065118552884291
36137835811607787  36065118552884291
36137835779101931  36065118552884291
36138935290729707  36065118552884291
36137835811607819  36065118552884291
36137835779101963  36065118552884291
36138935290729739  36065118552884291
36137833630569709  36065118552884291
36137835778053357  36065118552884291
36137833630569741  36065118552884291
36137835778053389  36065118552884291
36175108608822387  36065117478159397
36175109682564211  36065117478159397
36175110756306035  36065117478159397
36175108608824435  36065117478159397
36175109682566259  36065117478159397
36175110756308083  36065117478159397
36139924236735635  36065117478159397
36139925310477459  36065117478159397
36139926384219283  36065117478159397
72103190628305989  36066284602950689
72103191702047813  36066284602950689
72103190661860421  36066284602950689
72103191735602245  36066284602950689
72102091250896965  36066284636505121
72102092324638789  36066284636505121
72102091284451397  36066284636505121
72102092358193221  36066284636505121
72103192943561797  36066284636505121
72103190796079173  36066284636505121
72103191869820997  36066284636505121
72103190796045381  36066284636505121
72103191869787205  36066284636505121
108131987815009349  36066284636505121
108131988888751173  36066284636505121
72103194017303621  36066284636505121
72103195091045445  36066284636505121
72102098599317573  36066285676692513
72102096451801157  36066285676692513
72102097525542981  36066285676692513
108130893470765125  36066285676692513
108130894544506949  36066285676692513
72102099673059397  36066285676692513
72102098632872005  36066285676692513
72103198144499781  36066285676692513
72103198144498725  36066285676692513
72102096485355589  36066285676692513
72102097559097413  36066285676692513
72103198144465989  36066285676692513
72103195996983365  36066285676692513
72103197070725189  36066285676692513
108130893504319557  36066285676692513
108130894578061381  36066285676692513
108131995163429957  36066285676692513
108131993015947333  36066285676692513
108131994089689157  36066285676692513
72102099706613829  36066285676692513
72103199218241605  36066285676692513
72103199218240549  36066285676692513
72103199218207813  36066285676692513
108131996237171781  36066285676692513
72102098666426437  36066285676692513
72103198178054213  36066285676692513
72103198178053157  36066285676692513
72102096518910021  36066285676692513
72102097592651845  36066285676692513
72103198178020421  36066285676692513
72103196030537797  36066285676692513
72103197104279621  36066285676692513
108130893537873989  36066285676692513
108130894611615813  36066285676692513
108131995196984389  36066285676692513
108131993049501765  36066285676692513
108131994123243589  36066285676692513
72102099740168261  36066285676692513
72103199251796037  36066285676692513
72103199251794981  36066285676692513
72103199251762245  36066285676692513
108131996270726213  36066285676692513
72102098767089733  36066285710246945
72102096619573317  36066285710246945
72102097693315141  36066285710246945
108130893638537285  36066285710246945
108130894712279109  36066285710246945
72102099840831557  36066285710246945
72102098800644165  36066285710246945
72103198312271941  36066285710246945
72103198312270885  36066285710246945
72102096653127749  36066285710246945
72102097726869573  36066285710246945
72103198312238149  36066285710246945
72103196164755525  36066285710246945
72103197238497349  36066285710246945
108130893672091717  36066285710246945
108130894745833541  36066285710246945
108131995331202117  36066285710246945
108131993183719493  36066285710246945
108131994257461317  36066285710246945
72102099874385989  36066285710246945
72103199386013765  36066285710246945
72103199386012709  36066285710246945
72103199385979973  36066285710246945
108131996404943941  36066285710246945
72102106115510341  36066286750434337
72102102894252101  36066286750434337
72102105041735749  36066286750434337
108130899913216069  36066286750434337
108130902060699717  36066286750434337
72102106149064773  36066286750434337
72103205660692549  36066286750434337
72103205660691493  36066286750434337
72102102927806533  36066286750434337
72102105075290181  36066286750434337
72103205660658757  36066286750434337
72103202439434309  36066286750434337
72103204586917957  36066286750434337
108130899946770501  36066286750434337
108130902094254149  36066286750434337
108132002679622725  36066286750434337
108131999458398277  36066286750434337
108132001605881925  36066286750434337
72102106182619205  36066286750434337
72103205694246981  36066286750434337
72103205694245925  36066286750434337
72102102961360965  36066286750434337
72102105108844613  36066286750434337
72103205694213189  36066286750434337
72103202472988741  36066286750434337
72103204620472389  36066286750434337
108130899980324933  36066286750434337
108130902127808581  36066286750434337
108132002713177157  36066286750434337
108131999491952709  36066286750434337
108132001639436357  36066286750434337
72099907259961381  36066286783988769
108128704278925349  36066286783988769
72099907260026917  36066286783988769
72102106283282469  36066286783988769
72102106283249733  36066286783988769
108130903302213701  36066286783988769
72099907293515813  36066286783988769
108128704312479781  36066286783988769
72099907293581349  36066286783988769
72102106316836901  36066286783988769
72103205828464677  36066286783988769
72102106316804165  36066286783988769
72103205828431941  36066286783988769
72103205828430885  36066286783988769
108130903335768133  36066286783988769
108132002847395909  36066286783988769
108132002847394853  36066286783988769
36148887996765318  36067349820900386
36184072368854150  36067349820900386
36148887862547590  36067349820900386
36148887896102022  36067349820900386
36148888030319750  36067349820900386
36184072234636422  36067349820900386
36184072268190854  36067349820900386
36184072402408582  36067349820900386
36148887996765319  36067349820900386
36184072368854151  36067349820900386
36148887862547591  36067349820900386
36148887896102023  36067349820900386
36148888030319751  36067349820900386
36184072234636423  36067349820900386
36184072268190855  36067349820900386
36184072402408583  36067349820900386
36148887963210888  36067349820900386
36184072335299720  36067349820900386
36184072335298694  36067349820900386
36184072335298695  36067349820900386
36148885849281671  36067349820900386
36184070221370503  36067349820900386
36148885715063943  36067349820900386
36148885748618375  36067349820900386
36148885882836103  36067349820900386
36184070087152775  36067349820900386
36184070120707207  36067349820900386
36184070254924935  36067349820900386
36148885815727240  36067349820900386
36184070187816072  36067349820900386
36184070187815047  36067349820900386
36148886923023494  36067349820900386
36184071295112326  36067349820900386
36148886788805766  36067349820900386
36148886822360198  36067349820900386
36148886956577926  36067349820900386
36184071160894598  36067349820900386
36184071194449030  36067349820900386
36184071328666758  36067349820900386
36148886923023495  36067349820900386
36184071295112327  36067349820900386
36148886788805767  36067349820900386
36148886822360199  36067349820900386
36148886956577927  36067349820900386
36184071160894599  36067349820900386
36184071194449031  36067349820900386
36184071328666759  36067349820900386
36148886889469064  36067349820900386
36184071261557896  36067349820900386
36184071261556870  36067349820900386
36184071261556871  36067349820900386
36219259962168455  36067350894642210
36148891150881927  36067350894642210
36184075522970759  36067350894642210
36149990628955271  36067350894642210
36185175001044103  36067350894642210
36148891217990792  36067350894642210
36184075590079624  36067350894642210
36148891083773064  36067350894642210
36148891117327496  36067350894642210
36148891251545224  36067350894642210
36184075455861896  36067350894642210
36184075489416328  36067350894642210
36184075623634056  36067350894642210
36151090140583048  36067350894642210
36186274512671880  36067350894642210
36148856824697992  36067350894642210
36184041196786824  36067350894642210
36184075590078599  36067350894642210
36184075455860871  36067350894642210
36184075489415303  36067350894642210
36184075623633031  36067350894642210
36184075556524168  36067350894642210
72212872575488136  36067350894642210
72212872575488135  36067350894642210
72209576189137033  36067350894642210
72209577262878857  36067350894642210
36186274512671879  36067350894642210
36151090140583047  36067350894642210
36151090140583015  36067350894642210
36186274512671847  36067350894642210
36151090140583016  36067350894642210
36186274512671848  36067350894642210
36219261035910278  36067350894642210
36148892224623750  36067350894642210
36184076596712582  36067350894642210
36149991702697094  36067350894642210
36185176074785926  36067350894642210
36219261035910279  36067350894642210
36148892224623751  36067350894642210
36184076596712583  36067350894642210
36149991702697095  36067350894642210
36185176074785927  36067350894642210
36148892291732616  36067350894642210
36184076663821448  36067350894642210
36148892157514888  36067350894642210
36148892191069320  36067350894642210
36148892325287048  36067350894642210
36184076529603720  36067350894642210
36184076563158152  36067350894642210
36184076697375880  36067350894642210
36151091214324872  36067350894642210
36186275586413704  36067350894642210
36148857898439816  36067350894642210
36184042270528648  36067350894642210
36184076663820422  36067350894642210
36184076529602694  36067350894642210
36184076563157126  36067350894642210
36184076697374854  36067350894642210
36184076663820423  36067350894642210
36184076529602695  36067350894642210
36184076563157127  36067350894642210
36184076697374855  36067350894642210
36184076630265992  36067350894642210
72212873649229960  36067350894642210
72212873649229958  36067350894642210
72212873649229959  36067350894642210
36186275586413702  36067350894642210
36151091214324870  36067350894642210
36186275586413703  36067350894642210
36151091214324871  36067350894642210
36151091214324838  36067350894642210
36186275586413670  36067350894642210
36151091214324839  36067350894642210
36186275586413671  36067350894642210
36151091214324840  36067350894642210
36186275586413672  36067350894642210
36219264189994120  36067351968384034
36219229897364616  36067351968384034
36220363701654663  36067351968384034
36219264190026888  36067351968384034
36221463213282440  36067351968384034
36149994957477000  36067351968384034
36185179329565832  36067351968384034
36219229897397384  36067351968384034
36148861086110856  36067351968384034
36184045458199688  36067351968384034
36151060109366408  36067351968384034
36186244481455240  36067351968384034
36149960564184200  36067351968384034
36185144936273032  36067351968384034
36219264257101960  36067351968384034
36219264190025863  36067351968384034
36185179329564807  36067351968384034
36219264257134728  36067351968384034
36184079817937032  36067351968384034
36186278841192584  36067351968384034
36185179296010376  36067351968384034
36184045525307528  36067351968384034
36184045391089800  36067351968384034
36184045424644232  36067351968384034
36184045558861960  36067351968384034
36186244447899784  36067351968384034
72248061276065928  36067351968384034
72248061276098696  36067351968384034
72212876836901000  36067351968384034
72213976314974344  36067351968384034
72212842544271496  36067351968384034
72212842410053768  36067351968384034
72212842443608200  36067351968384034
72212842577825928  36067351968384034
108276858295029896  36067351968384034
72248061276065927  36067351968384034
72248061276098695  36067351968384034
72212876836900999  36067351968384034
72213976314974343  36067351968384034
72212876904009865  36067351968384034
72212876769792137  36067351968384034
72212876803346569  36067351968384034
72212876937564297  36067351968384034
72212842510717065  36067351968384034
108276858295029895  36067351968384034
36219264257101959  36067351968384034
36219264189994119  36067351968384034
72210677847198857  36067351968384034
72244763815973001  36067351968384034
72244764889714825  36067351968384034
72244765896347785  36067351968384034
72244731603718281  36067351968384034
72244732677460105  36067351968384034
72244733751201929  36067351968384034
72244763816005769  36067351968384034
72244764889747593  36067351968384034
72209578370175113  36067351968384034
72244765896380553  36067351968384034
72209579376808073  36067351968384034
72209578235957385  36067351968384034
72209578269511817  36067351968384034
72209578403729545  36067351968384034
72209578335572105  36067351968384034
72210677847199881  36067351968384034
72215075860156519  36067351968384034
72215075826602119  36067351968384034
36186278841192583  36067351968384034
36221463213282439  36067351968384034
72215075860156520  36067351968384034
72215075826602120  36067351968384034
72215075826602089  36067351968384034
72244731603751049  36067351968384034
72209545084178569  36067351968384034
72244732677492873  36067351968384034
72244733751234697  36067351968384034
72209546157920393  36067351968384034
72209543976882313  36067351968384034
72209547164553353  36067351968384034
72209544949960841  36067351968384034
72209544983515273  36067351968384034
72209545117733001  36067351968384034
72209546191474825  36067351968384034
72215041466863720  36067351968384034
108273560834936969  36067351968384034
108273561908678793  36067351968384034
108273562915311753  36067351968384034
108273528622682249  36067351968384034
108273529696424073  36067351968384034
108273530770165897  36067351968384034
108273562982420649  36067351968384034
108273564056162473  36067351968384034
108273565129904297  36067351968384034
144302360001384585  36067351968384034
144302361075126409  36067351968384034
144302362148868233  36067351968384034
36221463213282407  36067351968384034
36186278841192551  36067351968384034
36221463213282408  36067351968384034
36186278841192552  36067351968384034
36151060109366376  36067351968384034
36186244481455208  36067351968384034
36186244447899752  36067351968384034
108134843800718497  36067315395167265
108137038528975010  36067315395167265
108137040676556962  36067315395167265
108137041750298786  36067315395167265
108134843800686753  36067315395167265
108132644777463969  36067315395167265
108133744289091745  36067315395167265
108137042823975073  36067315395167265
108138142335602849  36067315395167265
108137042824040610  36067315395167265
108137038529073314  36067315395167265
108134843834272929  36067315395167265
108137038562529442  36067315395167265
108137040710111394  36067315395167265
108137041783853218  36067315395167265
108134843834241185  36067315395167265
108132644811018401  36067315395167265
108133744322646177  36067315395167265
108137042857529505  36067315395167265
108138142369157281  36067315395167265
108137042857595042  36067315395167265
108137038562627746  36067315395167265
108134843968490657  36067315428721697
108137038696747170  36067315428721697
108137040844329122  36067315428721697
108137041918070946  36067315428721697
108134843968458913  36067315428721697
108132644945236129  36067315428721697
108133744456863905  36067315428721697
108137042991747233  36067315428721697
108138142503375009  36067315428721697
108137042991812770  36067315428721697
108137038696845474  36067315428721697
36115772557366343  36067317575091234
36115772557366344  36067317575091234
108273419872768289  36067316467795009
108273420946510113  36067316467795009
144302216891732257  36067316467795009
144302217965474081  36067316467795009
36221322318222561  36067316467795009
36186137946132705  36067316467795009
72214934965096673  36067316467795009
36221322318222593  36067316467795009
36186137946132737  36067316467795009
72214934965096705  36067316467795009
36221322318222562  36067316467795009
36186137946132706  36067316467795009
72214934965096674  36067316467795009
36221322318222594  36067316467795009
36186137946132738  36067316467795009
72214934965096706  36067316467795009
36221322318222563  36067316467795009
36186137946132707  36067316467795009
72214934965096675  36067316467795009
36221322318222595  36067316467795009
36186137946132739  36067316467795009
72214934965096707  36067316467795009
36150953574044900  36067316467795009
36186137946133732  36067316467795009
36186137912578276  36067316467795009
72214934931542244  36067316467795009
36150953574044932  36067316467795009
36186137946133764  36067316467795009
36186137912578308  36067316467795009
72214934931542276  36067316467795009
36150884854568195  36067316467795009
36186069226657027  36067316467795009
36186069193101571  36067316467795009
72214866212065539  36067316467795009
36150884821013764  36067316467795009
36186069193102596  36067316467795009
36150952500303074  36067316467795009
36186136872391906  36067316467795009
36186136838836450  36067316467795009
72214933857800418  36067316467795009
36150952500303106  36067316467795009
36186136872391938  36067316467795009
36186136838836482  36067316467795009
72214933857800450  36067316467795009
36150952500303075  36067316467795009
36186136872391907  36067316467795009
36186136838836451  36067316467795009
72214933857800419  36067316467795009
36150952500303107  36067316467795009
36186136872391939  36067316467795009
36186136838836483  36067316467795009
72214933857800451  36067316467795009
36150952466748644  36067316467795009
36186136838837476  36067316467795009
36150952466748676  36067316467795009
36186136838837508  36067316467795009
36150883747271939  36067316467795009
36186068119360771  36067316467795009
36150919214306561  36067316467795009
36186103586395393  36067316467795009
36186103552839937  36067316467795009
72214900571803905  36067316467795009
36150919214306562  36067316467795009
36186103586395394  36067316467795009
36186103552839938  36067316467795009
72214900571803906  36067316467795009
36150919214306563  36067316467795009
36186103586395395  36067316467795009
36186103552839939  36067316467795009
72214900571803907  36067316467795009
36150919180752132  36067316467795009
36186103552840964  36067316467795009
36150918107010306  36067316467795009
36186102479099138  36067316467795009
36150918107010307  36067316467795009
36186102479099139  36067316467795009
72214934931542245  36067316467795009
72214934931542277  36067316467795009
36221322318189798  36067316467795010
36221322318221542  36067316467795010
72250119337185510  36067316467795010
36221322318189830  36067316467795010
36221322318221574  36067316467795010
72250119337185542  36067316467795010
36221322318189799  36067316467795010
36221322318221543  36067316467795010
72250119337185511  36067316467795010
36221322318189831  36067316467795010
36221322318221575  36067316467795010
72250119337185543  36067316467795010
36221322318189800  36067316467795010
36221322318221544  36067316467795010
72250119337185512  36067316467795010
36221322318189832  36067316467795010
36221322318221576  36067316467795010
72250119337185544  36067316467795010
72214934965096681  36067316467795010
72214934965096713  36067316467795010
36221253598745864  36067316467795010
36186069226656008  36067316467795010
72214866245619976  36067316467795010
72214866212065545  36067316467795010
36221321244480743  36067316467795010
36186136872390887  36067316467795010
72214933891354855  36067316467795010
36221321244480775  36067316467795010
36186136872390919  36067316467795010
72214933891354887  36067316467795010
36221321244480744  36067316467795010
36186136872390888  36067316467795010
72214933891354856  36067316467795010
36221321244480776  36067316467795010
36186136872390920  36067316467795010
72214933891354888  36067316467795010
72214933857800425  36067316467795010
72214933857800457  36067316467795010
36150883780826376  36067316467795010
36186068152915208  36067316467795010
36186068119359752  36067316467795010
72214865138323720  36067316467795010
36221287958484230  36067316467795010
36186103586394374  36067316467795010
72214900605358342  36067316467795010
36221287958484231  36067316467795010
36186103586394375  36067316467795010
72214900605358343  36067316467795010
36221287958484232  36067316467795010
36186103586394376  36067316467795010
72214900605358344  36067316467795010
72214900571803913  36067316467795010
36150918140564743  36067316467795010
36186102512653575  36067316467795010
36186102479098119  36067316467795010
72214899498062087  36067316467795010
36150918140564744  36067316467795010
36186102512653576  36067316467795010
36186102479098120  36067316467795010
72214899498062088  36067316467795010
36221455462208769  36067349753791553
36186271090118913  36067349753791553
72215068109082881  36067349753791553
36221455462208770  36067349753791553
36186271090118914  36067349753791553
72215068109082882  36067349753791553
36221455462208771  36067349753791553
36186271090118915  36067349753791553
72215068109082883  36067349753791553
36151086718031108  36067349753791553
36186271090119940  36067349753791553
36186271056564484  36067349753791553
72215068075528452  36067349753791553
36151052358292739  36067349753791553
36186236730381571  36067349753791553
36186236696826115  36067349753791553
72215033715790083  36067349753791553
36151052324738308  36067349753791553
36186236696827140  36067349753791553
36151084570547458  36067349753791553
36186268942636290  36067349753791553
36186268909080834  36067349753791553
72215065928044802  36067349753791553
36151084570547459  36067349753791553
36186268942636291  36067349753791553
36186268909080835  36067349753791553
72215065928044803  36067349753791553
36151084536993028  36067349753791553
36186268909081860  36067349753791553
36151050177254659  36067349753791553
36186234549343491  36067349753791553
36151085644289281  36067349753791553
36186270016378113  36067349753791553
36186269982822657  36067349753791553
72215067001786625  36067349753791553
36151085644289282  36067349753791553
36186270016378114  36067349753791553
36186269982822658  36067349753791553
72215067001786626  36067349753791553
36151085644289283  36067349753791553
36186270016378115  36067349753791553
36186269982822659  36067349753791553
72215067001786627  36067349753791553
36151085610734852  36067349753791553
36186269982823684  36067349753791553
36151051250996483  36067349753791553
36186235623085315  36067349753791553
72215068075528453  36067349753791553
108273557311721761  36067350827533377
108273558385463585  36067350827533377
144302354330685729  36067350827533377
144302355404427553  36067350827533377
36221459757176065  36067350827533377
36186275385086209  36067350827533377
72215072404050177  36067350827533377
36221459757176066  36067350827533377
36186275385086210  36067350827533377
72215072404050178  36067350827533377
36221459757176067  36067350827533377
36186275385086211  36067350827533377
72215072404050179  36067350827533377
36151091012998404  36067350827533377
36186275385087236  36067350827533377
36186275351531780  36067350827533377
72215072370495748  36067350827533377
36151056653260035  36067350827533377
36186241025348867  36067350827533377
36186240991793411  36067350827533377
72215038010757379  36067350827533377
36151056619705604  36067350827533377
36186240991794436  36067350827533377
36151089939256578  36067350827533377
36186274311345410  36067350827533377
36186274277789954  36067350827533377
72215071296753922  36067350827533377
36151089939256579  36067350827533377
36186274311345411  36067350827533377
36186274277789955  36067350827533377
72215071296753923  36067350827533377
36151089905702148  36067350827533377
36186274277790980  36067350827533377
36151055545963779  36067350827533377
36186239918052611  36067350827533377
72215072370495749  36067350827533377
36221455462176006  36067349753791554
36221455462207750  36067349753791554
72250252481171718  36067349753791554
36221455462176007  36067349753791554
36221455462207751  36067349753791554
72250252481171719  36067349753791554
36221455462176008  36067349753791554
36221455462207752  36067349753791554
72250252481171720  36067349753791554
72215068109082889  36067349753791554
36221421102470408  36067349753791554
36186236730380552  36067349753791554
72215033749344520  36067349753791554
72215033715790089  36067349753791554
36221453314725127  36067349753791554
36186268942635271  36067349753791554
72215065961599239  36067349753791554
36221453314725128  36067349753791554
36186268942635272  36067349753791554
72215065961599240  36067349753791554
72215065928044809  36067349753791554
36151050210809096  36067349753791554
36186234582897928  36067349753791554
36186234549342472  36067349753791554
72215031568306440  36067349753791554
36221454388466950  36067349753791554
36186270016377094  36067349753791554
72215067035341062  36067349753791554
36221454388466951  36067349753791554
36186270016377095  36067349753791554
72215067035341063  36067349753791554
36221454388466952  36067349753791554
36186270016377096  36067349753791554
72215067035341064  36067349753791554
72215067001786633  36067349753791554
36151051284550920  36067349753791554
36186235656639752  36067349753791554
36186235623084296  36067349753791554
72215032642048264  36067349753791554
36221459757143302  36067350827533378
36221459757175046  36067350827533378
72250256776139014  36067350827533378
36221459757143303  36067350827533378
36221459757175047  36067350827533378
72250256776139015  36067350827533378
36221459757143304  36067350827533378
36221459757175048  36067350827533378
72250256776139016  36067350827533378
72215072404050185  36067350827533378
36221425397437704  36067350827533378
36186241025347848  36067350827533378
72215038044311816  36067350827533378
72215038010757385  36067350827533378
36221458683434247  36067350827533378
36186274311344391  36067350827533378
72215071330308359  36067350827533378
36221458683434248  36067350827533378
36186274311344392  36067350827533378
72215071330308360  36067350827533378
72215071296753929  36067350827533378
36151055579518216  36067350827533378
36186239951607048  36067350827533378
36186239918051592  36067350827533378
72215036937015560  36067350827533378
217441982063054851  73219885337936897
253470779082018819  73219885337936897
289499576100982787  73219885337936897
217443081574682627  73219885337936897
253471878593646595  73219885337936897
289500675612610563  73219885337936897
217441982163718147  73219885371491329
253470779182682115  73219885371491329
289499576201646083  73219885371491329
217443081675345923  73219885371491329
253471878694309891  73219885371491329
289500675713273859  73219885371491329
651267177151858693  145347779332441089
218604909519735824  73219780010640388
254634804976651282  73219780010673156
290663601995615250  73219780010673156
254634804976617490  73219780010673156
254633705465022482  73219780010673156
290663601995581458  73219780010673156
290662502483986450  73219780010673156
186235286191245319  37261351769375746
186235286191245320  37261351769375746
186235286191245321  37261351769375746
41030481891103751  37261351735886850
42153083263063047  37261351735886850
42153083263161351  37261351735886850
42153083264144391  37261351735886850
42153083296650247  37261351735886850
42154182775772167  37261351735886850
42154182808278023  37261351735886850
42155282319905799  37261351735886850
41030481891103752  37261351735886850
42153083263063048  37261351735886850
42153083263161352  37261351735886850
42153083264144392  37261351735886850
42153083296650248  37261351735886850
42154182775772168  37261351735886850
42154182808278024  37261351735886850
42155282319905800  37261351735886850
150242772854838279  37261351735886850
150239474319987719  37261351735886850
150240573831615495  37261351735886850
150241673343243271  37261351735886850
150242772854838280  37261351735886850
150239474319987720  37261351735886850
150240573831615496  37261351735886850
150241673343243272  37261351735886850
150242772854838281  37261351735886850
150238374808359945  37261351735886850
150239474319987721  37261351735886850
150240573831615497  37261351735886850
150241673343243273  37261351735886850
186271569873802247  37261351735886850
186268271338951687  37261351735886850
186269370850579463  37261351735886850
186270470362207239  37261351735886850
186271569873802248  37261351735886850
186268271338951688  37261351735886850
186269370850579464  37261351735886850
186270470362207240  37261351735886850
186271569873802249  37261351735886850
186267171827323913  37261351735886850
186268271338951689  37261351735886850
186269370850579465  37261351735886850
186270470362207241  37261351735886850
42117898891039751  37261351735886850
42118998402667527  37261351735886850
42120097914295303  37261351735886850
42117898891039752  37261351735886850
42118998402667528  37261351735886850
42120097914295304  37261351735886850
42153083263194119  37261351735886850
42153083263226887  37261351735886850
42153083264177159  37261351735886850
42153083296683015  37261351735886850
42154182775804935  37261351735886850
42154182808310791  37261351735886850
42155282319938567  37261351735886850
42153083263194120  37261351735886850
42153083263226888  37261351735886850
42153083264177160  37261351735886850
42153083296683016  37261351735886850
42154182775804936  37261351735886850
42154182808310792  37261351735886850
42155282319938568  37261351735886850
42188267635282951  37261351735886850
42188267636265991  37261351735886850
42188267668771847  37261351735886850
42189367147893767  37261351735886850
42189367180399623  37261351735886850
42190466692027399  37261351735886850
42188267635282952  37261351735886850
42188267636265992  37261351735886850
42188267668771848  37261351735886850
42189367147893768  37261351735886850
42189367180399624  37261351735886850
42190466692027400  37261351735886850
186236385501778951  37261351735886850
186236385501778952  37261351735886850
186236385501778953  37261351735886850
186268271338984455  37261351735886850
186269370850612231  37261351735886850
186270470362240007  37261351735886850
186268271338984456  37261351735886850
186269370850612232  37261351735886850
186270470362240008  37261351735886850
186267171827356681  37261351735886850
186268271338984457  37261351735886850
186269370850612233  37261351735886850
186270470362240009  37261351735886850
186303455711073287  37261351735886850
186304555222701063  37261351735886850
186305654734328839  37261351735886850
186303455711073288  37261351735886850
186304555222701064  37261351735886850
186305654734328840  37261351735886850
186302356199445513  37261351735886850
186303455711073289  37261351735886850
186304555222701065  37261351735886850
186305654734328841  37261351735886850
186125450994684934  37260288764969986
186125485354423302  37260288764969986
36150953540490464  36067316467795008
36186137912579296  36067316467795008
36150953540490496  36067316467795008
36186137912579328  36067316467795008
36151086684476672  36067349753791552
36186271056565504  36067349753791552
36151090979443968  36067350827533376
36186275351532800  36067350827533376
72200573035155471  36065117545268227
72199508957006860  36065117545268227
72199508957007884  36065117545268227
72200574108897295  36065117545268227
72199510030748684  36065117545268227
72199510030749708  36065117545268227
72200575182639119  36065117545268227
72202770984601615  36065117545268227
72132402206869519  36065117545268227
72167586578958351  36065117545268227
72203871536483343  36065117545268227
72203871536484367  36065117545268227
72203872610225167  36065117545268227
72203872610226191  36065117545268227
72203870462740495  36065117545268227
72133501718497295  36065117545268227
72168686090586127  36065117545268227
72132402173282319  36065117545268227
72132402172266511  36065117545268227
72167586544355343  36065117545268227
72200573135818767  36065117578822659
72199509057670156  36065117578822659
72199509057671180  36065117578822659
72200574209560591  36065117578822659
72199510131411980  36065117578822659
72199510131413004  36065117578822659
72200575283302415  36065117578822659
72202771085264911  36065117578822659
72235757474320399  36065117578822659
108264554493284367  36065117578822659
72234693396171788  36065117578822659
108263490415135756  36065117578822659
72234693396172812  36065117578822659
108263490415136780  36065117578822659
72235758548062223  36065117578822659
108264555567026191  36065117578822659
72132402307532815  36065117578822659
72167586679621647  36065117578822659
72237955423766543  36065117578822659
108266752442730511  36065117578822659
72234726682234892  36065117578822659
72234761041973260  36065117578822659
72234727755976716  36065117578822659
72234762115715084  36065117578822659
72234726682233868  36065117578822659
72234761041971212  36065117578822659
72234761041972236  36065117578822659
72234727755975692  36065117578822659
72234762115713036  36065117578822659
72234762115714060  36065117578822659
72132402273945615  36065117578822659
72132402272929807  36065117578822659
72167586645018639  36065117578822659
324300099210710028  72093947816641539
324300099210711052  72093947816641539
324300099210710030  72093947816641539
324300099210711054  72093947816641539
252242504099040268  72093947816641539
288271301118004236  72093947816641539
252242504099041292  72093947816641539
288271301118005260  72093947816641539
252242504099040270  72093947816641539
288271301118004238  72093947816641539
252242504099041294  72093947816641539
288271301118005262  72093947816641539
252242503025298446  72093947816641539
288271300044262414  72093947816641539
252242503025299470  72093947816641539
288271300044263438  72093947816641539
324335287877768202  72093948890383363
324335287877768203  72093948890383363
324300103505679372  72093948890383363
324335287877768205  72093948890383363
324300103505679374  72093948890383363
324300102431935502  72093948890383363
324300102431936526  72093948890383363
180534434366394374  36135488369755138
180499249994306566  36135488369755138
180534434399948806  36135488369755138
180499250027860998  36135488369755138
180498150483727366  36135488369755138
180498150484775942  36135488369755138
180498150517281798  36135488369755138
180498150518330374  36135488369755138
180499215635616774  36135488369755138
180499215636665350  36135488369755138
180499215669171206  36135488369755138
180499215670219782  36135488369755138
180498184843465734  36135488369755138
180498184844514310  36135488369755138
180500315148293126  36135488369755138
180498184877020166  36135488369755138
180498219236758534  36135488369755138
180498184878068742  36135488369755138
180498219237807110  36135488369755138
180500315181847558  36135488369755138
36219054877611016  36067316534936578
36219123529978886  36067316534936578
36219089237349382  36067316534936578
36219123597087751  36067316534936578
36219123597086726  36067316534936578
36219123597087752  36067316534936578
144341729720636421  36102500907025409
144339530730935301  36102500907025409
144341729720669189  36102500907025409
144339530730968069  36102500907025409
144341730794378245  36102500907025409
144339531804677125  36102500907025409
144341730794411013  36102500907025409
144339531804709893  36102500907025409
180405710037914627  36102500907025409
180405710037914628  36102500907025409
144376913018950661  36102500907025409
144341728680416261  36102500907025409
144374713995695108  36102500907025409
144374714029249541  36102500907025409
144341728680449029  36102500907025409
144341728680481797  36102500907025409
144341798440145925  36102500907025409
144339599450444805  36102500907025409
144341832799884293  36102500907025409
144339633810183173  36102500907025409
144341764113929221  36102500907025409
144341764113961989  36102500907025409
144341799513887749  36102500907025409
144339600524186629  36102500907025409
144341797399958533  36102500907025409
144341833873626117  36102500907025409
144339634883924997  36102500907025409
144341765187671045  36102500907025409
144341765187703813  36102500907025409
144341831759696901  36102500907025409
180370560025564162  36102500907025409
144376947378689026  36102500907025409
144376947378689027  36102500907025409
144376947378689028  36102500907025409
144376947412243461  36102500907025409
144374748388987908  36102500907025409
180369496987702273  36102500907025409
180369495913960450  36102500907025409
180369497088365569  36102500907025409
180369498162107393  36102500907025409
180369496014623746  36102500907025409
180369497021256706  36102500907025409
180370596532851713  36102500907025409
144339600490632193  36102500907025409
180370596532884482  36102500907025409
180371696044512258  36102500907025409
180369494873773058  36102500907025409
180370595459109890  36102500907025409
144341798440145921  36102500907025409
144339599450444801  36102500907025409
180370594385400834  36102500907025409
180371693897028610  36102500907025409
180369531347440641  36102500907025409
180369462627963906  36102500907025409
180369530273698818  36102500907025409
180369460480480258  36102500907025409
180369531448103937  36102500907025409
180369462728627202  36102500907025409
180369532521845761  36102500907025409
180369463802369026  36102500907025409
180369530374362114  36102500907025409
180369460581143554  36102500907025409
180369531380995074  36102500907025409
180370630892590081  36102500907025409
144339634850370561  36102500907025409
180370630892622850  36102500907025409
180371730404250626  36102500907025409
180370562173080578  36102500907025409
144341765154116609  36102500907025409
144339566164415489  36102500907025409
180370562173113346  36102500907025409
144341765154149377  36102500907025409
144339566164448257  36102500907025409
180369529233511426  36102500907025409
180370629818848258  36102500907025409
144341832799884289  36102500907025409
144339633810183169  36102500907025409
180370628745139202  36102500907025409
180371728256766978  36102500907025409
180370560025596930  36102500907025409
144341764080374786  36102500907025409
144341764113929217  36102500907025409
180370560025629698  36102500907025409
144341764080407554  36102500907025409
144341764113961985  36102500907025409
144376912817624067  36102500839916545
144376912817624068  36102500839916545
144341865850934274  36102500839916545
144377050256577538  36102500839916545
144377050256577539  36102500839916545
144377050256577540  36102500839916545
144341762805273602  36102500839916545
144341799279006722  36102500839916545
144341799312561153  36102500839916545
144341800352748546  36102500839916545
144341800386302977  36102500839916545
144341797131523074  36102500839916545
144341798238819330  36102500839916545
144341833638745090  36102500839916545
144341833672299521  36102500839916545
144341867998450690  36102500839916545
144341868032005121  36102500839916545
144341867998483458  36102500839916545
144341868032037889  36102500839916545
144341764952790018  36102500839916545
144341764952822786  36102500839916545
144341834712486914  36102500839916545
144341834746041345  36102500839916545
144341869072192514  36102500839916545
144341869105746945  36102500839916545
144341869072225282  36102500839916545
144341869105779713  36102500839916545
144341766026531842  36102500839916545
144341766026564610  36102500839916545
144341831491261442  36102500839916545
144341832598557698  36102500839916545
144341865850967042  36102500839916545
144341866958263298  36102500839916545
144341865850999810  36102500839916545
144341866958296066  36102500839916545
144341762805306370  36102500839916545
144341762805339138  36102500839916545
36219260633388038  36067350827566082
36219260633388039  36067350827566082
36219260734051334  36067350827566082
36219260734051335  36067350827566082
324335283581752490  72093947815592995
324335283581752491  72093947815592995
324300099209663660  72093947815592995
324335283581752493  72093947815592995
324300099209663662  72093947815592995
324335317941490858  72093947815592995
324335317941490859  72093947815592995
324300133569402028  72093947815592995
324335317941490861  72093947815592995
324300133569402030  72093947815592995
324335284655494314  72093947815592995
324335284655494315  72093947815592995
324300100283405484  72093947815592995
324335284655494317  72093947815592995
324300100283405486  72093947815592995
324335319015232682  72093947815592995
324335319015232683  72093947815592995
324300134643143852  72093947815592995
324335319015232685  72093947815592995
324300134643143854  72093947815592995
324300098135919788  72093947815592995
324300098135920812  72093947815592995
324300098135919790  72093947815592995
324300098135920814  72093947815592995
324300132495658156  72093947815592995
324300132495659180  72093947815592995
324300132495658158  72093947815592995
324300132495659182  72093947815592995
324300097062177966  72093947815592995
324300097062178990  72093947815592995
324300131421916334  72093947815592995
324300131421917358  72093947815592995
324335287876719788  72093948889334819
324335287876719790  72093948889334819
324335322236458156  72093948889334819
324335322236458158  72093948889334819
324335288950461612  72093948889334819
324335288950461614  72093948889334819
324335323310199980  72093948889334819
324335323310199982  72093948889334819
324335286802977965  72093948889334819
324300102430889134  72093948889334819
324335321162716333  72093948889334819
324300136790627502  72093948889334819
72103195862797381  36066285643138081
72103196936539205  36066285643138081
72102102793621573  36066286716879905
72102104941105221  36066286716879905
72103205526473797  36066286716879905
72103202305249349  36066286716879905
72103204452732997  36066286716879905
72102100646105157  36066286716879905
72102101719846981  36066286716879905
72102103867330629  36066286716879905
72103202305215557  36066286716879905
72103204452699205  36066286716879905
72103200157732933  36066286716879905
72103201231474757  36066286716879905
72103203378958405  36066286716879905
108130897665069125  36066286716879905
108130898738810949  36066286716879905
108130900886294597  36066286716879905
108131999324179525  36066286716879905
108132001471663173  36066286716879905
108131997176696901  36066286716879905
108131998250438725  36066286716879905
108132000397922373  36066286716879905
108134843666468001  36067315361612833
108133744154872993  36067315361612833
108137042689724577  36067315361612833
108132644641149089  36067315361612833
108132644642197665  36067315361612833
108135943178129569  36067315361612833
108137042689757346  36067315361612833
108138142201385122  36067315361612833
324300095989484716  72093946742899747
324300095989485740  72093946742899747
324300095989484718  72093946742899747
324300095989485742  72093946742899747
36148884741985414  36067348747158562
36184069114074246  36067348747158562
36148884741985415  36067348747158562
36184069114074247  36067348747158562
36151083463251201  36067348680049729
36186267835340033  36067348680049729
36151083463251202  36067348680049729
36186267835340034  36067348680049729
36151083463251203  36067348680049729
36186267835340035  36067348680049729
36151083496805638  36067348680049730
36186267868894470  36067348680049730
36186267835339014  36067348680049730
72215064854302982  36067348680049730
36151083496805639  36067348680049730
36186267868894471  36067348680049730
36186267835339015  36067348680049730
72215064854302983  36067348680049730
36151083496805640  36067348680049730
36186267868894472  36067348680049730
36186267835339016  36067348680049730
72215064854302984  36067348680049730
36151049103512840  36067348680049730
36186233475601672  36067348680049730
540577097900394677  108122677256946725
540577097900395701  108122677256946725
540577097900394581  108122677256946725
540577097900395605  108122677256946725
540577097900394613  108122677256946725
540577097900395637  108122677256946725
540506729156216917  108122677256946725
540541913528305749  108122677256946725
540541913528305781  108122677256946725
540541913528305845  108122677256946725
252627105334988876  72164249921684515
288655902353952844  72164249921684515
324616529620571212  72164249921684515
324616528546829390  72164249921684515
324616530694313036  72164249921684515
324616530694313006  72164249921684515
324717683916474539  72164249988793379
324717683916477611  72164249988793379
324717684990216363  72164249988793379
324717684990219435  72164249988793379
324717686063958187  72164249988793379
324717686063961259  72164249988793379
324612131874968748  72164249988793379
324614330898224300  72164249988793379
324612131876017324  72164249988793379
324614330899272876  72164249988793379
324615430410900652  72164249988793379
324717684990183595  72164249988793379
324717684990186667  72164249988793379
324719884013442218  72164249988793379
324719884013442219  72164249988793379
36315783819760714  36100268564186147
36315783819760746  36100268564186147
36315785967244394  36100268564186147
36315785967244330  36100268564186147
36524683409003591  36135451862533154
36559867780043847  36135451862533154
36560967291671623  36135451862533154
36524683409003592  36135451862533154
36559867780043848  36135451862533154
36560967291671624  36135451862533154
36137663944758506  36065084193145923
36137663978312938  36065084193145923
36137663945807082  36065084193145923
36137663979361514  36065084193145923
36137663944758538  36065084193145923
36137663978312970  36065084193145923
36137663945807114  36065084193145923
36137663979361546  36065084193145923
36150850461275361  36067282108056641
36186034833364193  36067282108056641
36150850461275393  36067282108056641
36186034833364225  36067282108056641
36150850461275362  36067282108056641
36186034833364194  36067282108056641
36150850461275394  36067282108056641
36186034833364226  36067282108056641
36150850461275363  36067282108056641
36186034833364195  36067282108056641
36150850461275395  36067282108056641
36186034833364227  36067282108056641
36150850494829798  36067282108056642
36186034866918630  36067282108056642
36186034833363174  36067282108056642
72214831852327142  36067282108056642
36150850494829830  36067282108056642
36186034866918662  36067282108056642
36186034833363206  36067282108056642
72214831852327174  36067282108056642
36150850494829799  36067282108056642
36186034866918631  36067282108056642
36186034833363175  36067282108056642
72214831852327143  36067282108056642
36150850494829831  36067282108056642
36186034866918663  36067282108056642
36186034833363207  36067282108056642
72214831852327175  36067282108056642
36150850494829800  36067282108056642
36186034866918632  36067282108056642
36186034833363176  36067282108056642
72214831852327144  36067282108056642
36150850494829832  36067282108056642
36186034866918664  36067282108056642
36186034833363208  36067282108056642
72214831852327176  36067282108056642
36150849387533543  36067282108056642
36186033759622375  36067282108056642
36150849387533575  36067282108056642
36186033759622407  36067282108056642
36150849387533544  36067282108056642
36186033759622376  36067282108056642
36150849387533576  36067282108056642
36186033759622408  36067282108056642
72233670724257877  36064020114015269
42153083230557191  37261351702332418
41027183322665991  37261351702332418
42153083230655495  37261351702332418
42153084303348743  37261351702332418
42153083230557192  37261351702332418
41027183322665992  37261351702332418
42153083230655496  37261351702332418
42153084303348744  37261351702332418
149116872914441223  37261351702332418
150239474286400519  37261351702332418
150239474286498823  37261351702332418
150239474287481863  37261351702332418
150240573799109639  37261351702332418
149116872914441224  37261351702332418
150239474286400520  37261351702332418
150239474286498824  37261351702332418
150239474287481864  37261351702332418
150240573799109640  37261351702332418
149116872914441225  37261351702332418
150238374774772745  37261351702332418
150238374774871049  37261351702332418
150238374775854089  37261351702332418
150239474286400521  37261351702332418
150239474286498825  37261351702332418
150239474287481865  37261351702332418
150240573799109641  37261351702332418
185145669933405191  37261351702332418
186268271305364487  37261351702332418
186268271305462791  37261351702332418
186268271306445831  37261351702332418
186269370818073607  37261351702332418
185145669933405192  37261351702332418
186268271305364488  37261351702332418
186268271305462792  37261351702332418
186268271306445832  37261351702332418
186269370818073608  37261351702332418
185145669933405193  37261351702332418
186267171793736713  37261351702332418
186267171793835017  37261351702332418
186267171794818057  37261351702332418
186268271305364489  37261351702332418
186268271305462793  37261351702332418
186268271306445833  37261351702332418
186269370818073609  37261351702332418
42117898857550855  37261351702332418
42117898858533895  37261351702332418
42118998370161671  37261351702332418
42117898857550856  37261351702332418
42117898858533896  37261351702332418
42118998370161672  37261351702332418
42153083230688263  37261351702332418
42153084303381511  37261351702332418
42153083230721031  37261351702332418
42153084303414279  37261351702332418
42153083230688264  37261351702332418
42153084303381512  37261351702332418
42153083230721032  37261351702332418
42153084303414280  37261351702332418
42188267602777095  37261351702332418
42188268675470343  37261351702332418
42188267602777096  37261351702332418
42188268675470344  37261351702332418
186233086933341191  37261351702332418
186234186444968967  37261351702332418
186235285956596743  37261351702332418
186233086933341192  37261351702332418
186234186444968968  37261351702332418
186235285956596744  37261351702332418
186231987421713417  37261351702332418
186233086933341193  37261351702332418
186234186444968969  37261351702332418
186235285956596745  37261351702332418
186268271305495559  37261351702332418
186268271305528327  37261351702332418
186268271306478599  37261351702332418
186269370818106375  37261351702332418
186268271305495560  37261351702332418
186268271305528328  37261351702332418
186268271306478600  37261351702332418
186269370818106376  37261351702332418
186267171793867785  37261351702332418
186267171793900553  37261351702332418
186267171794850825  37261351702332418
186268271305495561  37261351702332418
186268271305528329  37261351702332418
186268271306478601  37261351702332418
186269370818106377  37261351702332418
186303455677584391  37261351702332418
186303455678567431  37261351702332418
186304555190195207  37261351702332418
186303455677584392  37261351702332418
186303455678567432  37261351702332418
186304555190195208  37261351702332418
186302356165956617  37261351702332418
186302356166939657  37261351702332418
186303455677584393  37261351702332418
186303455678567433  37261351702332418
186304555190195209  37261351702332418
252242505171733516  72093947815592963
288271302190697484  72093947815592963
252242505171734540  72093947815592963
288271302190698508  72093947815592963
252242505171733518  72093947815592963
288271302190697486  72093947815592963
252242505171734542  72093947815592963
288271302190698510  72093947815592963
252242539531471884  72093947815592963
288271336550435852  72093947815592963
252242539531472908  72093947815592963
288271336550436876  72093947815592963
252242539531471886  72093947815592963
288271336550435854  72093947815592963
252242539531472910  72093947815592963
288271336550436878  72093947815592963
252242506245475340  72093947815592963
288271303264439308  72093947815592963
252242506245476364  72093947815592963
288271303264440332  72093947815592963
252242506245475342  72093947815592963
288271303264439310  72093947815592963
252242506245476366  72093947815592963
288271303264440334  72093947815592963
252242540605213708  72093947815592963
288271337624177676  72093947815592963
252242540605214732  72093947815592963
288271337624178700  72093947815592963
252242540605213710  72093947815592963
288271337624177678  72093947815592963
252242540605214734  72093947815592963
288271337624178702  72093947815592963
252242504131546124  72093947815592963
288271301150510092  72093947815592963
252242504131547148  72093947815592963
288271301150511116  72093947815592963
252242504131546126  72093947815592963
288271301150510094  72093947815592963
252242504131547150  72093947815592963
288271301150511118  72093947815592963
252242538491284492  72093947815592963
288271335510248460  72093947815592963
252242538491285516  72093947815592963
288271335510249484  72093947815592963
252242538491284494  72093947815592963
288271335510248462  72093947815592963
252242538491285518  72093947815592963
288271335510249486  72093947815592963
252242503057804302  72093947815592963
288271300076768270  72093947815592963
252242503057805326  72093947815592963
288271300076769294  72093947815592963
252242537417542670  72093947815592963
288271334436506638  72093947815592963
252242537417543694  72093947815592963
288271334436507662  72093947815592963
324300103504628748  72093948889334787
324300103504629772  72093948889334787
324300103504628750  72093948889334787
324300103504629774  72093948889334787
324300137864367116  72093948889334787
324300137864368140  72093948889334787
324300137864367118  72093948889334787
324300137864368142  72093948889334787
324300104578370572  72093948889334787
324300104578371596  72093948889334787
324300104578370574  72093948889334787
324300104578371598  72093948889334787
324300138938108940  72093948889334787
324300138938109964  72093948889334787
324300138938108942  72093948889334787
324300138938109966  72093948889334787
252242508392958990  72093948889334787
288271305411922958  72093948889334787
252242508392960014  72093948889334787
288271305411923982  72093948889334787
252242542752697358  72093948889334787
288271339771661326  72093948889334787
252242542752698382  72093948889334787
288271339771662350  72093948889334787
36492836258386948  36136586806658049
36492837332128772  36136586806658049
36492870584570884  36136586806658049
36492871658312708  36136586806658049
36492839446057988  36136586806658049
36528058177885188  36136586806658049
36492836291941380  36136586806658049
36492837365683204  36136586806658049
36492836325495812  36136586806658049
36492837399237636  36136586806658049
252242501985111052  72093946742899715
288271299004075020  72093946742899715
252242501985112076  72093946742899715
288271299004076044  72093946742899715
252242501985111054  72093946742899715
288271299004075022  72093946742899715
252242501985112078  72093946742899715
288271299004076046  72093946742899715
288271298969472172  72093946741851171
288271298969473196  72093946741851171
288271298969472174  72093946741851171
288271298969473198  72093946741851171
288271333329210540  72093946741851171
288271333329211564  72093946741851171
288271333329210542  72093946741851171
288271333329211566  72093946741851171
180392482308559891  36100267456955397
180427666680648723  36100267456955397
180357297936438292  36100267456955397
180357297936503828  36100267456955397
180392483382301715  36100267456955397
180427667754390547  36100267456955397
180357299010180116  36100267456955397
180357299010245652  36100267456955397
180357299011261460  36100267456955397
180357299012310036  36100267456955397
180392484456043539  36100267456955397
180427668828132371  36100267456955397
180357300083921940  36100267456955397
180357300083987476  36100267456955397
180357300085003284  36100267456955397
180357300086051860  36100267456955397
180357300117509140  36100267456955397
180357300151063572  36100267456955397
180392482342114323  36100267456955397
180392482375668755  36100267456955397
180427666714203155  36100267456955397
180427666747757587  36100267456955397
180357297969992724  36100267456955397
180357298003547156  36100267456955397
144328500883919892  36100267456955397
180357297970058260  36100267456955397
180357298003612692  36100267456955397
180392483415856147  36100267456955397
180392483449410579  36100267456955397
180427667787944979  36100267456955397
180427667821499411  36100267456955397
180357298977674260  36100267456955397
180357298978722836  36100267456955397
180357299043734548  36100267456955397
180357299077288980  36100267456955397
144328501957661716  36100267456955397
180357298977739796  36100267456955397
180357298978788372  36100267456955397
180357299043800084  36100267456955397
180357299077354516  36100267456955397
180357299044815892  36100267456955397
180357299078370324  36100267456955397
180357299045864468  36100267456955397
180357299079418900  36100267456955397
180392484489597971  36100267456955397
180392484523152403  36100267456955397
180427668861686803  36100267456955397
180427668895241235  36100267456955397
180392482309608467  36100267456955397
180392482310657043  36100267456955397
180357297937486868  36100267456955397
180357297938535444  36100267456955397
144328500916425748  36100267456955397
180357297937552404  36100267456955397
180357297938600980  36100267456955397
180392483383350291  36100267456955397
180392484457092115  36100267456955397
180392483384398867  36100267456955397
180392484458140691  36100267456955397
180392482343162899  36100267456955397
180392482376717331  36100267456955397
180392482344211475  36100267456955397
180392482377765907  36100267456955397
180357297971041300  36100267456955397
180357298004595732  36100267456955397
144328500884968468  36100267456955397
180357297972089876  36100267456955397
180357298005644308  36100267456955397
144328500886017044  36100267456955397
144328500949980180  36100267456955397
144328500983534612  36100267456955397
144328501017089044  36100267456955397
180357297971106836  36100267456955397
180357298004661268  36100267456955397
180357297972155412  36100267456955397
180357298005709844  36100267456955397
180357300118557716  36100267456955397
180357300152112148  36100267456955397
180357300119606292  36100267456955397
180357300153160724  36100267456955397
180392483416904723  36100267456955397
180392484490646547  36100267456955397
180392483450459155  36100267456955397
180392484524200979  36100267456955397
180392483417953299  36100267456955397
180392484491695123  36100267456955397
180392483451507731  36100267456955397
180392484525249555  36100267456955397
180395780912649236  36100267456955397
180395781986391060  36100267456955397
180395783060132884  36100267456955397
180395780811985939  36100267456955397
180360596439897108  36100267456955397
180395781885727763  36100267456955397
180360597513638932  36100267456955397
180395780909503507  36100267456955397
180360596537414676  36100267456955397
180430965281592339  36100267456955397
36290488605676554  36102466513699843
36288289582421003  36102466513699843
36325672977765386  36102466513699843
36323473954509835  36102466513699843
144341694287123458  36102466547287041
144376878692766722  36102466547287041
144376878692766723  36102466547287041
144376878692766724  36102466547287041
144341696434639874  36102466547287041
144341696468194305  36102466547287041
144341696434672642  36102466547287041
144341696468227073  36102466547287041
144341694287156226  36102466547287041
144341695394452482  36102466547287041
144341694287188994  36102466547287041
144341695394485250  36102466547287041
5001684872139783  1232554716922882
6124286244099079  1232554716922882
6124286244197383  1232554716922882
6124286245180423  1232554716922882
6124286277686279  1232554716922882
6125385756808199  1232554716922882
6125385789314055  1232554716922882
6126485300941831  1232554716922882
5001684872139784  1232554716922882
6124286244099080  1232554716922882
6124286244197384  1232554716922882
6124286245180424  1232554716922882
6124286277686280  1232554716922882
6125385756808200  1232554716922882
6125385789314056  1232554716922882
6126485300941832  1232554716922882
5001684872139785  1232554716922882
6123186732471305  1232554716922882
6123186732569609  1232554716922882
6123186733552649  1232554716922882
6123186766058505  1232554716922882
6124286244099081  1232554716922882
6124286244197385  1232554716922882
6124286245180425  1232554716922882
6124286277686281  1232554716922882
6125385756808201  1232554716922882
6125385789314057  1232554716922882
6126485300941833  1232554716922882
6089101872075783  1232554716922882
6090201383703559  1232554716922882
6091300895331335  1232554716922882
6089101872075784  1232554716922882
6090201383703560  1232554716922882
6091300895331336  1232554716922882
6088002360448009  1232554716922882
6089101872075785  1232554716922882
6090201383703561  1232554716922882
6091300895331337  1232554716922882
6124286244230151  1232554716922882
6124286244262919  1232554716922882
6124286245213191  1232554716922882
6124286277719047  1232554716922882
6125385756840967  1232554716922882
6125385789346823  1232554716922882
6126485300974599  1232554716922882
6124286244230152  1232554716922882
6124286244262920  1232554716922882
6124286245213192  1232554716922882
6124286277719048  1232554716922882
6125385756840968  1232554716922882
6125385789346824  1232554716922882
6126485300974600  1232554716922882
6123186732602377  1232554716922882
6123186732635145  1232554716922882
6123186733585417  1232554716922882
6123186766091273  1232554716922882
6124286244230153  1232554716922882
6124286244262921  1232554716922882
6124286245213193  1232554716922882
6124286277719049  1232554716922882
6125385756840969  1232554716922882
6125385789346825  1232554716922882
6126485300974601  1232554716922882
6159470616318983  1232554716922882
6159470617302023  1232554716922882
6159470649807879  1232554716922882
6160570128929799  1232554716922882
6160570161435655  1232554716922882
6161669673063431  1232554716922882
6159470616318984  1232554716922882
6159470617302024  1232554716922882
6159470649807880  1232554716922882
6160570128929800  1232554716922882
6160570161435656  1232554716922882
6161669673063432  1232554716922882
6158371104691209  1232554716922882
6158371105674249  1232554716922882
6158371138180105  1232554716922882
6159470616318985  1232554716922882
6159470617302025  1232554716922882
6159470649807881  1232554716922882
6160570128929801  1232554716922882
6160570161435657  1232554716922882
6161669673063433  1232554716922882
144328501925155860  36100267423400965
144328501926204436  36100267423400965
144328502998897684  36100267423400965
144328502999946260  36100267423400965
180360596406309908  36100267423400965
180360596406375444  36100267423400965
180360597480051732  36100267423400965
180360597480117268  36100267423400965
180360598553793556  36100267423400965
180360598553859092  36100267423400965
6124286211593223  1232554683368450
4998386303702023  1232554683368450
6124286211691527  1232554683368450
6124287284384775  1232554683368450
6124286211593224  1232554683368450
4998386303702024  1232554683368450
6124286211691528  1232554683368450
6124287284384776  1232554683368450
6123186699965449  1232554683368450
4997286792074249  1232554683368450
6123186700063753  1232554683368450
6123187772757001  1232554683368450
6124286211593225  1232554683368450
4998386303702025  1232554683368450
6124286211691529  1232554683368450
6124287284384777  1232554683368450
6089101838586887  1232554683368450
6089101839569927  1232554683368450
6090201351197703  1232554683368450
6089101838586888  1232554683368450
6089101839569928  1232554683368450
6090201351197704  1232554683368450
6088002326959113  1232554683368450
6088002327942153  1232554683368450
6089101838586889  1232554683368450
6089101839569929  1232554683368450
6090201351197705  1232554683368450
6124286211724295  1232554683368450
6124287284417543  1232554683368450
6124286211757063  1232554683368450
6124287284450311  1232554683368450
6124286211724296  1232554683368450
6124287284417544  1232554683368450
6124286211757064  1232554683368450
6124287284450312  1232554683368450
6123186700096521  1232554683368450
6123187772789769  1232554683368450
6123186700129289  1232554683368450
6123187772822537  1232554683368450
6124286211724297  1232554683368450
6124287284417545  1232554683368450
6124286211757065  1232554683368450
6124287284450313  1232554683368450
6159470583813127  1232554683368450
6159471656506375  1232554683368450
6159470583813128  1232554683368450
6159471656506376  1232554683368450
6158371072185353  1232554683368450
6158372144878601  1232554683368450
6159470583813129  1232554683368450
6159471656506377  1232554683368450
