41768489644627047  37191050704487458
41802574505088103  37191050704487458
41802574506136679  37191050704487458
41803675090457703  37191050704487458
41802575578828903  37191050704487458
41802575579877479  37191050704487458
41766290621371527  37191050704487458
41768489644627079  37191050704487458
41802574505088135  37191050704487458
41766290622420103  37191050704487458
41802574506136711  37191050704487458
41801476067202183  37191050704487458
41803675090457735  37191050704487458
41802575578828935  37191050704487458
41801476068250759  37191050704487458
41802575579877511  37191050704487458
41768455284888680  37191050704487458
41802540145349736  37191050704487458
41802540146398312  37191050704487458
41768489644627048  37191050704487458
41802574505088104  37191050704487458
41802574506136680  37191050704487458
41803640730719336  37191050704487458
41802541219090536  37191050704487458
41802541220139112  37191050704487458
41803675090457704  37191050704487458
41802575578828904  37191050704487458
41802575579877480  37191050704487458
41766256261633160  37191050704487458
41768455284888712  37191050704487458
41802540145349768  37191050704487458
41766256262681736  37191050704487458
41802540146398344  37191050704487458
41766290621371528  37191050704487458
41768489644627080  37191050704487458
41802574505088136  37191050704487458
41766290622420104  37191050704487458
41802574506136712  37191050704487458
41801441707463816  37191050704487458
41803640730719368  37191050704487458
41802541219090568  37191050704487458
41801441708512392  37191050704487458
41802541220139144  37191050704487458
41801476067202184  37191050704487458
41803675090457736  37191050704487458
41802575578828936  37191050704487458
41801476068250760  37191050704487458
41802575579877512  37191050704487458
41803675090455654  37191050704487458
41803675090456678  37191050704487458
77831372597792870  37191050704487458
77831372598841446  37191050704487458
41801476067201158  37191050704487458
41803675090455686  37191050704487458
41803675090456710  37191050704487458
77831372597792902  37191050704487458
41801476068249734  37191050704487458
77831372598841478  37191050704487458
40605279526687783  37191050704487458
40605279526687784  37191050704487458
41803676164199527  37191050704487458
41802576652570727  37191050704487458
41802576653619303  37191050704487458
41801477140944007  37191050704487458
41803676164199559  37191050704487458
41802576652570759  37191050704487458
41801477141992583  37191050704487458
41802576653619335  37191050704487458
41803641804461160  37191050704487458
41802542292832360  37191050704487458
41802542293880936  37191050704487458
41803676164199528  37191050704487458
41802576652570728  37191050704487458
41802576653619304  37191050704487458
41801442781205640  37191050704487458
41803641804461192  37191050704487458
41802542292832392  37191050704487458
41801442782254216  37191050704487458
41802542293880968  37191050704487458
41801477140944008  37191050704487458
41803676164199560  37191050704487458
41802576652570760  37191050704487458
41801477141992584  37191050704487458
41802576653619336  37191050704487458
41803676164197478  37191050704487458
41803676164198502  37191050704487458
77831373671534694  37191050704487458
77831373672583270  37191050704487458
41801477140942982  37191050704487458
41803676164197510  37191050704487458
41803676164198534  37191050704487458
77831373671534726  37191050704487458
41801477141991558  37191050704487458
77831373672583302  37191050704487458
41802577727361127  37191050704487458
41801478215734407  37191050704487458
41802577727361159  37191050704487458
41802543367622760  37191050704487458
41802577727361128  37191050704487458
41801443855996040  37191050704487458
41802543367622792  37191050704487458
41801478215734408  37191050704487458
41802577727361160  37191050704487458
77831374746325094  37191050704487458
41801478215733382  37191050704487458
77831374746325126  37191050704487458
41767395501708391  37191051778229282
41767395502756967  37191051778229282
41768496087077991  37191051778229282
41802580947539047  37191051778229282
41802580948587623  37191051778229282
41767395501708423  37191051778229282
41767395502756999  37191051778229282
41766295992177799  37191051778229282
41766297063822471  37191051778229282
41768496087078023  37191051778229282
41802580947539079  37191051778229282
41766297064871047  37191051778229282
41802580948587655  37191051778229282
41767361141970024  37191051778229282
41767361143018600  37191051778229282
41767395501708392  37191051778229282
41767395502756968  37191051778229282
41768461727339624  37191051778229282
41802546587800680  37191051778229282
41802546588849256  37191051778229282
41768496087077992  37191051778229282
41802580947539048  37191051778229282
41802580948587624  37191051778229282
41767361141970056  37191051778229282
41767361143018632  37191051778229282
41766261632439432  37191051778229282
41767395501708424  37191051778229282
41767395502757000  37191051778229282
41766295992177800  37191051778229282
41766262704084104  37191051778229282
41768461727339656  37191051778229282
41802546587800712  37191051778229282
41766262705132680  37191051778229282
41802546588849288  37191051778229282
41766297063822472  37191051778229282
41768496087078024  37191051778229282
41802580947539080  37191051778229282
41766297064871048  37191051778229282
41802580948587656  37191051778229282
41803680459166822  37191051778229282
41802580947538022  37191051778229282
41802580948586598  37191051778229282
41801481435911302  37191051778229282
41803680459166854  37191051778229282
41802580947538054  37191051778229282
41801481436959878  37191051778229282
41802580948586630  37191051778229282
40605249394807847  37191051778229282
40605249394807848  37191051778229282
40605249428362279  37191051778229282
40605249428362280  37191051778229282
40605283821655078  37191051778229282
40605249461916711  37191051778229282
40605249461916712  37191051778229282
40605282747913255  37191051778229282
40605282747913256  37191051778229282
41802582022329447  37191051778229282
41766298138612871  37191051778229282
41802582022329479  37191051778229282
41802547662591080  37191051778229282
41802582022329448  37191051778229282
41766263778874504  37191051778229282
41802547662591112  37191051778229282
41766298138612872  37191051778229282
41802582022329480  37191051778229282
41802582022328422  37191051778229282
41801482510701702  37191051778229282
41802582022328454  37191051778229282
217760522472425475  73290184255374337
217830891216603139  73290184255374337
217760522338207747  73290184255374337
217760522371762179  73290184255374337
217760522505979907  73290184255374337
218886422379268099  73290184255374337
218956791123445763  73290184255374337
218886422245050371  73290184255374337
218886422278604803  73290184255374337
218886422412822531  73290184255374337
218886422379268100  73290184255374337
218956791123445764  73290184255374337
218886422245050372  73290184255374337
218886422278604804  73290184255374337
218886422412822532  73290184255374337
326868355435923461  73290183181665281
327994255342766085  73290183181665281
257062561211680773  73290183181665281
293091358230644741  73290183181665281
329225708365875203  73290183181665281
329225708365875204  73290183181665281
326973908552189957  73290183181665281
328099808459032581  73290183181665281
257168114327947269  73290183181665281
293196911346911237  73290183181665281
254845945770084357  73290183181665281
290874742789048325  73290183181665281
255971845676926981  73290183181665281
292000642695890949  73290183181665281
257097745617324037  73290183181665281
293126542636288005  73290183181665281
254845945770085381  73290183181665281
290874742789049349  73290183181665281
255971845676928005  73290183181665281
292000642695891973  73290183181665281
257097745617325061  73290183181665281
293126542636289029  73290183181665281
257097745617326085  73290183181665281
293126542636290053  73290183181665281
254845980163378181  73290183181665281
290874777182342149  73290183181665281
255971880070220805  73290183181665281
292000677089184773  73290183181665281
257132964349152261  73290183181665281
293161761368116229  73290183181665281
257132964349153285  73290183181665281
293161761368117253  73290183181665281
181625149902197766  37261388276597762
181625149903246342  37261388276597762
181625149935752198  37261388276597762
181625149936800774  37261388276597762
181626249414874118  37261388276597762
181626249448428550  37261388276597762
181625184261936134  37261388276597762
181625184262984710  37261388276597762
181625184295490566  37261388276597762
181625218655228934  37261388276597762
181625184296539142  37261388276597762
181625218656277510  37261388276597762
181626283774612486  37261388276597762
181626283808166918  37261388276597762
181626318167905286  37261388276597762
325563474275210282  73219847655326755
325563478570177578  73219848729068579
41803672942972007  37191049630745634
41803672942973031  37191049630745634
77831370450309223  37191049630745634
77831370451357799  37191049630745634
41801473919717511  37191049630745634
41803672942972039  37191049630745634
41803672942973063  37191049630745634
77831370450309255  37191049630745634
41801473920766087  37191049630745634
77831370451357831  37191049630745634
41803638583233640  37191049630745634
41803638583234664  37191049630745634
77831336090570856  37191049630745634
77831336091619432  37191049630745634
41803672942972008  37191049630745634
41803672942973032  37191049630745634
77831370450309224  37191049630745634
77831370451357800  37191049630745634
41801439559979144  37191049630745634
41803638583233672  37191049630745634
41803638583234696  37191049630745634
77831336090570888  37191049630745634
41801439561027720  37191049630745634
77831336091619464  37191049630745634
41801473919717512  37191049630745634
41803672942972040  37191049630745634
41803672942973064  37191049630745634
77831370450309256  37191049630745634
41801473920766088  37191049630745634
77831370451357832  37191049630745634
77832469961935974  37191049630745634
77832469961936998  37191049630745634
77831370450309225  37191049630745634
77831370451357801  37191049630745634
77830270938681478  37191049630745634
77832469961936006  37191049630745634
77832469961937030  37191049630745634
77831370450309257  37191049630745634
77830270939730054  37191049630745634
77831370451357833  37191049630745634
328838646752056496  73219780010640420
219731908938140784  73219780010640420
219731908938140816  73219780010640420
220857808844983408  73219780010640420
220857808844984432  73219780010640420
220857808844983440  73219780010640420
220857808844984464  73219780010640420
218606009031363696  73219780010640420
218604909519734896  73219780010640420
218604909519735888  73219780010640420
254634804976716914  73219780010673188
290663601995680882  73219780010673188
254634804976650354  73219780010673188
290663601995614322  73219780010673188
254634804976651346  73219780010673188
290663601995615314  73219780010673188
254634804976617554  73219780010673188
254633705465022546  73219780010673188
290663601995581522  73219780010673188
290662502483986514  73219780010673188
324335283582801066  72093947816641571
324335283582801067  72093947816641571
324300099210712236  72093947816641571
324335283582801069  72093947816641571
324300099210712238  72093947816641571
324300098136968364  72093947816641571
324300098136969388  72093947816641571
324300098136968366  72093947816641571
324300098136969390  72093947816641571
324300097063226542  72093947816641571
324300097063227566  72093947816641571
324335287877768364  72093948890383395
324335287877768366  72093948890383395
324335286804026541  72093948890383395
324300102431937710  72093948890383395
36137835610281194  36065118519329859
36137835610281226  36065118519329859
36137835811607786  36065118552884291
36137835779101930  36065118552884291
36138935290729706  36065118552884291
36137835811607818  36065118552884291
36137835779101962  36065118552884291
36138935290729738  36065118552884291
36137835778053355  36065118552884291
36137835778053387  36065118552884291
36139924236735603  36065117478159397
36139925310477427  36065117478159397
36139926384219251  36065117478159397
36139924235687059  36065117478159397
36139925309428883  36065117478159397
36139926383170707  36065117478159397
72103190796078149  36066284636505121
72103191869819973  36066284636505121
72102096451833925  36066285676692513
72102097525575749  36066285676692513
72102096485388357  36066285676692513
72102097559130181  36066285676692513
72103198144498757  36066285676692513
72103195997016133  36066285676692513
72103197070757957  36066285676692513
72103195996982341  36066285676692513
72103197070724165  36066285676692513
108131993015946309  36066285676692513
108131994089688133  36066285676692513
72103199218240581  36066285676692513
72102096518942789  36066285676692513
72102097592684613  36066285676692513
72103198178053189  36066285676692513
72103196030570565  36066285676692513
72103197104312389  36066285676692513
72103196030536773  36066285676692513
72103197104278597  36066285676692513
108131993049500741  36066285676692513
108131994123242565  36066285676692513
72103199251795013  36066285676692513
72102096619606085  36066285710246945
72102097693347909  36066285710246945
72102096653160517  36066285710246945
72102097726902341  36066285710246945
72103198312270917  36066285710246945
72103196164788293  36066285710246945
72103197238530117  36066285710246945
72103196164754501  36066285710246945
72103197238496325  36066285710246945
108131993183718469  36066285710246945
108131994257460293  36066285710246945
72103199386012741  36066285710246945
72102102894284869  36066286750434337
72102105041768517  36066286750434337
72102100746768453  36066286750434337
72102101820510277  36066286750434337
72102103967993925  36066286750434337
108130897765732421  36066286750434337
108130898839474245  36066286750434337
108130900986957893  36066286750434337
72102102927839301  36066286750434337
72102105075322949  36066286750434337
72103205660691525  36066286750434337
72103202439467077  36066286750434337
72103204586950725  36066286750434337
72102100780322885  36066286750434337
72102101854064709  36066286750434337
72102104001548357  36066286750434337
72103202439433285  36066286750434337
72103204586916933  36066286750434337
72103200291950661  36066286750434337
72103201365692485  36066286750434337
72103203513176133  36066286750434337
108130897799286853  36066286750434337
108130898873028677  36066286750434337
108130901020512325  36066286750434337
108131999458397253  36066286750434337
108132001605880901  36066286750434337
108131997310914629  36066286750434337
108131998384656453  36066286750434337
108132000532140101  36066286750434337
72102102961393733  36066286750434337
72102105108877381  36066286750434337
72103205694245957  36066286750434337
72103202473021509  36066286750434337
72103204620505157  36066286750434337
72102100813877317  36066286750434337
72102101887619141  36066286750434337
72102104035102789  36066286750434337
72103202472987717  36066286750434337
72103204620471365  36066286750434337
72103200325505093  36066286750434337
72103201399246917  36066286750434337
72103203546730565  36066286750434337
108130897832841285  36066286750434337
108130898906583109  36066286750434337
108130901054066757  36066286750434337
108131999491951685  36066286750434337
108132001639435333  36066286750434337
108131997344469061  36066286750434337
108131998418210885  36066286750434337
108132000565694533  36066286750434337
72102106283282501  36066286783988769
72102103062024261  36066286783988769
72102105209507909  36066286783988769
108130900080988229  36066286783988769
108130902228471877  36066286783988769
72102106316836933  36066286783988769
72103205828464709  36066286783988769
72103205828463653  36066286783988769
72102103095578693  36066286783988769
72102105243062341  36066286783988769
72103205828430917  36066286783988769
72103202607206469  36066286783988769
72103204754690117  36066286783988769
108130900114542661  36066286783988769
108130902262026309  36066286783988769
108132002847394885  36066286783988769
108131999626170437  36066286783988769
108132001773654085  36066286783988769
36148887963210886  36067349820900386
36184072335299718  36067349820900386
36148887963210887  36067349820900386
36184072335299719  36067349820900386
36148885815727239  36067349820900386
36184070187816071  36067349820900386
36148886889469062  36067349820900386
36184071261557894  36067349820900386
36148886889469063  36067349820900386
36184071261557895  36067349820900386
36148891217990791  36067350894642210
36184075590079623  36067350894642210
36148891083773063  36067350894642210
36148891117327495  36067350894642210
36148891251545223  36067350894642210
36184075455861895  36067350894642210
36184075489416327  36067350894642210
36184075623634055  36067350894642210
36148891184436360  36067350894642210
36184075556525192  36067350894642210
36184075556524167  36067350894642210
36148892291732614  36067350894642210
36184076663821446  36067350894642210
36148892157514886  36067350894642210
36148892191069318  36067350894642210
36148892325287046  36067350894642210
36184076529603718  36067350894642210
36184076563158150  36067350894642210
36184076697375878  36067350894642210
36148892291732615  36067350894642210
36184076663821447  36067350894642210
36148892157514887  36067350894642210
36148892191069319  36067350894642210
36148892325287047  36067350894642210
36184076529603719  36067350894642210
36184076563158151  36067350894642210
36184076697375879  36067350894642210
36148892258178184  36067350894642210
36184076630267016  36067350894642210
36184076630265990  36067350894642210
36184076630265991  36067350894642210
36219264257102984  36067351968384034
36219264190026887  36067351968384034
36149994957476999  36067351968384034
36185179329565831  36067351968384034
36219264257135752  36067351968384034
36148895445849224  36067351968384034
36184079817938056  36067351968384034
36151094469104776  36067351968384034
36186278841193608  36067351968384034
36149994923922568  36067351968384034
36185179296011400  36067351968384034
36148861153219720  36067351968384034
36184045525308552  36067351968384034
36148861019001992  36067351968384034
36148861052556424  36067351968384034
36148861186774152  36067351968384034
36184045391090824  36067351968384034
36184045424645256  36067351968384034
36184045558862984  36067351968384034
36151060075811976  36067351968384034
36186244447900808  36067351968384034
36219264257134727  36067351968384034
36184079817937031  36067351968384034
36185179296010375  36067351968384034
36184079885045896  36067351968384034
36184079750828168  36067351968384034
36184079784382600  36067351968384034
36184079918600328  36067351968384034
36186278807638152  36067351968384034
36184045491753096  36067351968384034
72212876904009864  36067351968384034
72212876769792136  36067351968384034
72212876803346568  36067351968384034
72212876937564296  36067351968384034
72212842510717064  36067351968384034
72212876904009863  36067351968384034
72212876769792135  36067351968384034
72212876803346567  36067351968384034
72212876937564295  36067351968384034
72212876870455433  36067351968384034
36219264257102983  36067351968384034
72244765963456649  36067351968384034
72244767037198473  36067351968384034
72244768110940297  36067351968384034
72244765963489417  36067351968384034
72209579443916937  36067351968384034
72244767037231241  36067351968384034
72244768110973065  36067351968384034
72209580517658761  36067351968384034
72209578336620681  36067351968384034
72209581524291721  36067351968384034
72209579309699209  36067351968384034
72209579343253641  36067351968384034
72209579477471369  36067351968384034
72209580551213193  36067351968384034
72215075826602087  36067351968384034
36186278807638151  36067351968384034
36186278841193607  36067351968384034
36151094469104775  36067351968384034
72215075826602088  36067351968384034
72209547231662217  36067351968384034
72209545050624137  36067351968384034
72209548305404041  36067351968384034
72209549379145865  36067351968384034
72209546124365961  36067351968384034
72209547097444489  36067351968384034
72209547130998921  36067351968384034
72209547265216649  36067351968384034
72209548338958473  36067351968384034
72209549412700297  36067351968384034
108273562982420617  36067351968384034
108273564056162441  36067351968384034
108273565129904265  36067351968384034
36151094469104743  36067351968384034
36186278841193575  36067351968384034
36186278807638119  36067351968384034
36151094469104744  36067351968384034
36186278841193576  36067351968384034
36186278807638120  36067351968384034
36151060075811944  36067351968384034
36186244447900776  36067351968384034
108134843800685729  36067315395167265
108133744289090721  36067315395167265
108137042823942305  36067315395167265
108132644775366817  36067315395167265
108132644776415393  36067315395167265
108132644710355105  36067315395167265
108132644743909537  36067315395167265
108133744221982881  36067315395167265
108133744255537313  36067315395167265
108135943312347297  36067315395167265
108137042823975074  36067315395167265
108138142335602850  36067315395167265
108134843834240161  36067315395167265
108133744322645153  36067315395167265
108137042857496737  36067315395167265
108132644808921249  36067315395167265
108132644809969825  36067315395167265
108135943345901729  36067315395167265
108137042857529506  36067315395167265
108138142369157282  36067315395167265
108134843968457889  36067315428721697
108133744456862881  36067315428721697
108137042991714465  36067315428721697
108132644943138977  36067315428721697
108132644944187553  36067315428721697
108132644878127265  36067315428721697
108132644911681697  36067315428721697
108133744389755041  36067315428721697
108133744423309473  36067315428721697
108135943480119457  36067315428721697
108137042991747234  36067315428721697
108138142503375010  36067315428721697
36150953574044897  36067316467795009
36186137946133729  36067316467795009
36186137912578273  36067316467795009
72214934931542241  36067316467795009
36150953574044929  36067316467795009
36186137946133761  36067316467795009
36186137912578305  36067316467795009
72214934931542273  36067316467795009
36150953574044898  36067316467795009
36186137946133730  36067316467795009
36186137912578274  36067316467795009
72214934931542242  36067316467795009
36150953574044930  36067316467795009
36186137946133762  36067316467795009
36186137912578306  36067316467795009
72214934931542274  36067316467795009
36150953574044899  36067316467795009
36186137946133731  36067316467795009
36186137912578275  36067316467795009
72214934931542243  36067316467795009
36150953574044931  36067316467795009
36186137946133763  36067316467795009
36186137912578307  36067316467795009
72214934931542275  36067316467795009
36150953540490468  36067316467795009
36186137912579300  36067316467795009
36150953540490500  36067316467795009
36186137912579332  36067316467795009
36150884821013763  36067316467795009
36186069193102595  36067316467795009
36150952466748642  36067316467795009
36186136838837474  36067316467795009
36150952466748674  36067316467795009
36186136838837506  36067316467795009
36150952466748643  36067316467795009
36186136838837475  36067316467795009
36150952466748675  36067316467795009
36186136838837507  36067316467795009
36150919180752129  36067316467795009
36186103552840961  36067316467795009
36150919180752130  36067316467795009
36186103552840962  36067316467795009
36150919180752131  36067316467795009
36186103552840963  36067316467795009
36221322318222566  36067316467795010
36186137946132710  36067316467795010
72214934965096678  36067316467795010
36221322318222598  36067316467795010
36186137946132742  36067316467795010
72214934965096710  36067316467795010
36221322318222567  36067316467795010
36186137946132711  36067316467795010
72214934965096679  36067316467795010
36221322318222599  36067316467795010
36186137946132743  36067316467795010
72214934965096711  36067316467795010
36221322318222568  36067316467795010
36186137946132712  36067316467795010
72214934965096680  36067316467795010
36221322318222600  36067316467795010
36186137946132744  36067316467795010
72214934965096712  36067316467795010
72214934931542249  36067316467795010
72214934931542281  36067316467795010
36150884854568200  36067316467795010
36186069226657032  36067316467795010
36186069193101576  36067316467795010
72214866212065544  36067316467795010
36150952500303079  36067316467795010
36186136872391911  36067316467795010
36186136838836455  36067316467795010
72214933857800423  36067316467795010
36150952500303111  36067316467795010
36186136872391943  36067316467795010
36186136838836487  36067316467795010
72214933857800455  36067316467795010
36150952500303080  36067316467795010
36186136872391912  36067316467795010
36186136838836456  36067316467795010
72214933857800424  36067316467795010
36150952500303112  36067316467795010
36186136872391944  36067316467795010
36186136838836488  36067316467795010
72214933857800456  36067316467795010
36150883747271944  36067316467795010
36186068119360776  36067316467795010
36150919214306566  36067316467795010
36186103586395398  36067316467795010
36186103552839942  36067316467795010
72214900571803910  36067316467795010
36150919214306567  36067316467795010
36186103586395399  36067316467795010
36186103552839943  36067316467795010
72214900571803911  36067316467795010
36150919214306568  36067316467795010
36186103586395400  36067316467795010
36186103552839944  36067316467795010
72214900571803912  36067316467795010
36150918107010311  36067316467795010
36186102479099143  36067316467795010
36150918107010312  36067316467795010
36186102479099144  36067316467795010
36151086718031105  36067349753791553
36186271090119937  36067349753791553
36186271056564481  36067349753791553
72215068075528449  36067349753791553
36151086718031106  36067349753791553
36186271090119938  36067349753791553
36186271056564482  36067349753791553
72215068075528450  36067349753791553
36151086718031107  36067349753791553
36186271090119939  36067349753791553
36186271056564483  36067349753791553
72215068075528451  36067349753791553
36151086684476676  36067349753791553
36186271056565508  36067349753791553
36151052324738307  36067349753791553
36186236696827139  36067349753791553
36151084536993026  36067349753791553
36186268909081858  36067349753791553
36151084536993027  36067349753791553
36186268909081859  36067349753791553
36151085610734849  36067349753791553
36186269982823681  36067349753791553
36151085610734850  36067349753791553
36186269982823682  36067349753791553
36151085610734851  36067349753791553
36186269982823683  36067349753791553
36151091012998401  36067350827533377
36186275385087233  36067350827533377
36186275351531777  36067350827533377
72215072370495745  36067350827533377
36151091012998402  36067350827533377
36186275385087234  36067350827533377
36186275351531778  36067350827533377
72215072370495746  36067350827533377
36151091012998403  36067350827533377
36186275385087235  36067350827533377
36186275351531779  36067350827533377
72215072370495747  36067350827533377
36151090979443972  36067350827533377
36186275351532804  36067350827533377
36151056619705603  36067350827533377
36186240991794435  36067350827533377
36151089905702146  36067350827533377
36186274277790978  36067350827533377
36151089905702147  36067350827533377
36186274277790979  36067350827533377
36221455462208774  36067349753791554
36186271090118918  36067349753791554
72215068109082886  36067349753791554
36221455462208775  36067349753791554
36186271090118919  36067349753791554
72215068109082887  36067349753791554
36221455462208776  36067349753791554
36186271090118920  36067349753791554
72215068109082888  36067349753791554
72215068075528457  36067349753791554
36151052358292744  36067349753791554
36186236730381576  36067349753791554
36186236696826120  36067349753791554
72215033715790088  36067349753791554
36151084570547463  36067349753791554
36186268942636295  36067349753791554
36186268909080839  36067349753791554
72215065928044807  36067349753791554
36151084570547464  36067349753791554
36186268942636296  36067349753791554
36186268909080840  36067349753791554
72215065928044808  36067349753791554
36151050177254664  36067349753791554
36186234549343496  36067349753791554
36151085644289286  36067349753791554
36186270016378118  36067349753791554
36186269982822662  36067349753791554
72215067001786630  36067349753791554
36151085644289287  36067349753791554
36186270016378119  36067349753791554
36186269982822663  36067349753791554
72215067001786631  36067349753791554
36151085644289288  36067349753791554
36186270016378120  36067349753791554
36186269982822664  36067349753791554
72215067001786632  36067349753791554
36151051250996488  36067349753791554
36186235623085320  36067349753791554
36221459757176070  36067350827533378
36186275385086214  36067350827533378
72215072404050182  36067350827533378
36221459757176071  36067350827533378
36186275385086215  36067350827533378
72215072404050183  36067350827533378
36221459757176072  36067350827533378
36186275385086216  36067350827533378
72215072404050184  36067350827533378
72215072370495753  36067350827533378
36151056653260040  36067350827533378
36186241025348872  36067350827533378
36186240991793416  36067350827533378
72215038010757384  36067350827533378
36151089939256583  36067350827533378
36186274311345415  36067350827533378
36186274277789959  36067350827533378
72215071296753927  36067350827533378
36151089939256584  36067350827533378
36186274311345416  36067350827533378
36186274277789960  36067350827533378
72215071296753928  36067350827533378
36151055545963784  36067350827533378
36186239918052616  36067350827533378
651267177151858691  145347779332441089
651267177151858692  145347779332441089
254634804976618514  73219780010673156
254633705465023506  73219780010673156
290663601995582482  73219780010673156
290662502483987474  73219780010673156
255760704883460114  73219780010673156
256886604790302738  73219780010673156
291789501902424082  73219780010673156
292915401809266706  73219780010673156
42153083264111623  37261351735886850
42153083296617479  37261351735886850
41027183356220423  37261351735886850
42153083264209927  37261351735886850
42153083296715783  37261351735886850
42153084336903175  37261351735886850
42153083297698823  37261351735886850
42154182809326599  37261351735886850
42153083264111624  37261351735886850
42153083296617480  37261351735886850
41027183356220424  37261351735886850
42153083264209928  37261351735886850
42153083296715784  37261351735886850
42153084336903176  37261351735886850
42153083297698824  37261351735886850
42154182809326600  37261351735886850
149116872947995655  37261351735886850
150239474319954951  37261351735886850
150239474320053255  37261351735886850
150239474321036295  37261351735886850
150239474353542151  37261351735886850
150240573832664071  37261351735886850
150240573865169927  37261351735886850
150241673376797703  37261351735886850
149116872947995656  37261351735886850
150239474319954952  37261351735886850
150239474320053256  37261351735886850
150239474321036296  37261351735886850
150239474353542152  37261351735886850
150240573832664072  37261351735886850
150240573865169928  37261351735886850
150241673376797704  37261351735886850
149116872947995657  37261351735886850
150238374808327177  37261351735886850
150238374808425481  37261351735886850
150238374809408521  37261351735886850
150238374841914377  37261351735886850
150239474319954953  37261351735886850
150239474320053257  37261351735886850
150239474321036297  37261351735886850
150239474353542153  37261351735886850
150240573832664073  37261351735886850
150240573865169929  37261351735886850
150241673376797705  37261351735886850
185145669966959623  37261351735886850
186268271338918919  37261351735886850
186268271339017223  37261351735886850
186268271340000263  37261351735886850
186268271372506119  37261351735886850
186269370851628039  37261351735886850
186269370884133895  37261351735886850
186270470395761671  37261351735886850
185145669966959624  37261351735886850
186268271338918920  37261351735886850
186268271339017224  37261351735886850
186268271340000264  37261351735886850
186268271372506120  37261351735886850
186269370851628040  37261351735886850
186269370884133896  37261351735886850
186270470395761672  37261351735886850
185145669966959625  37261351735886850
186267171827291145  37261351735886850
186267171827389449  37261351735886850
186267171828372489  37261351735886850
186267171860878345  37261351735886850
186268271338918921  37261351735886850
186268271339017225  37261351735886850
186268271340000265  37261351735886850
186268271372506121  37261351735886850
186269370851628041  37261351735886850
186269370884133897  37261351735886850
186270470395761673  37261351735886850
42117898891105287  37261351735886850
42117898892088327  37261351735886850
42117898924594183  37261351735886850
42117898958148615  37261351735886850
42118998403716103  37261351735886850
42118998436221959  37261351735886850
42118998469776391  37261351735886850
42120097947849735  37261351735886850
42120097981404167  37261351735886850
42117898891105288  37261351735886850
42117898892088328  37261351735886850
42117898924594184  37261351735886850
42117898958148616  37261351735886850
42118998403716104  37261351735886850
42118998436221960  37261351735886850
42118998469776392  37261351735886850
42120097947849736  37261351735886850
42120097981404168  37261351735886850
42153083264242695  37261351735886850
42153083296748551  37261351735886850
42153084336935943  37261351735886850
42153083264275463  37261351735886850
42153083296781319  37261351735886850
42153084336968711  37261351735886850
42153083297731591  37261351735886850
42154182809359367  37261351735886850
42153083264242696  37261351735886850
42153083296748552  37261351735886850
42153084336935944  37261351735886850
42153083264275464  37261351735886850
42153083296781320  37261351735886850
42153084336968712  37261351735886850
42153083297731592  37261351735886850
42154182809359368  37261351735886850
42188267636331527  37261351735886850
42188267668837383  37261351735886850
42188268709024775  37261351735886850
42188267669820423  37261351735886850
42189367181448199  37261351735886850
42188267636331528  37261351735886850
42188267668837384  37261351735886850
42188268709024776  37261351735886850
42188267669820424  37261351735886850
42189367181448200  37261351735886850
186233086966895623  37261351735886850
186234186478523399  37261351735886850
186235285990151175  37261351735886850
186233086966895624  37261351735886850
186234186478523400  37261351735886850
186235285990151176  37261351735886850
186231987455267849  37261351735886850
186233086966895625  37261351735886850
186234186478523401  37261351735886850
186235285990151177  37261351735886850
186268271339049991  37261351735886850
186268271339082759  37261351735886850
186268271340033031  37261351735886850
186268271372538887  37261351735886850
186269370851660807  37261351735886850
186269370884166663  37261351735886850
186270470395794439  37261351735886850
186268271339049992  37261351735886850
186268271339082760  37261351735886850
186268271340033032  37261351735886850
186268271372538888  37261351735886850
186269370851660808  37261351735886850
186269370884166664  37261351735886850
186270470395794440  37261351735886850
186267171827422217  37261351735886850
186267171827454985  37261351735886850
186267171828405257  37261351735886850
186267171860911113  37261351735886850
186268271339049993  37261351735886850
186268271339082761  37261351735886850
186268271340033033  37261351735886850
186268271372538889  37261351735886850
186269370851660809  37261351735886850
186269370884166665  37261351735886850
186270470395794441  37261351735886850
186303455711138823  37261351735886850
186303455712121863  37261351735886850
186303455744627719  37261351735886850
186304555223749639  37261351735886850
186304555256255495  37261351735886850
186305654767883271  37261351735886850
186303455711138824  37261351735886850
186303455712121864  37261351735886850
186303455744627720  37261351735886850
186304555223749640  37261351735886850
186304555256255496  37261351735886850
186305654767883272  37261351735886850
186302356199511049  37261351735886850
186302356200494089  37261351735886850
186302356232999945  37261351735886850
186303455711138825  37261351735886850
186303455712121865  37261351735886850
186303455744627721  37261351735886850
186304555223749641  37261351735886850
186304555256255497  37261351735886850
186305654767883273  37261351735886850
72132402240423951  36065117545268227
72167586612512783  36065117545268227
72132402206836751  36065117545268227
72132402205820943  36065117545268227
72167586577909775  36065117545268227
72203871536482319  36065117545268227
72203872610224143  36065117545268227
72133501718562831  36065117545268227
72168686090651663  36065117545268227
72133501718431759  36065117545268227
72133501718464527  36065117545268227
72133501718595599  36065117545268227
72133501717448719  36065117545268227
72168686089537551  36065117545268227
72132402172233743  36065117545268227
108161199192246287  36065117545268227
72132402341087247  36065117578822659
72167586713176079  36065117578822659
72132402307500047  36065117578822659
72132402306484239  36065117578822659
72167586678573071  36065117578822659
72132402272897039  36065117578822659
108161199292909583  36065117578822659
252242505172782092  72093947816641539
288271302191746060  72093947816641539
252242505172783116  72093947816641539
288271302191747084  72093947816641539
252242505172782094  72093947816641539
288271302191746062  72093947816641539
252242505172783118  72093947816641539
288271302191747086  72093947816641539
252242504132594700  72093947816641539
288271301151558668  72093947816641539
252242504132595724  72093947816641539
288271301151559692  72093947816641539
252242504132594702  72093947816641539
288271301151558670  72093947816641539
252242504132595726  72093947816641539
288271301151559694  72093947816641539
252242503058852878  72093947816641539
288271300077816846  72093947816641539
252242503058853902  72093947816641539
288271300077817870  72093947816641539
324300103505677324  72093948890383363
324300103505678348  72093948890383363
324300103505677326  72093948890383363
324300103505678350  72093948890383363
252242508394007566  72093948890383363
288271305412971534  72093948890383363
252242508394008590  72093948890383363
288271305412972558  72093948890383363
180499249995355142  36135488369755138
180499249996403718  36135488369755138
180499250028909574  36135488369755138
180499250029958150  36135488369755138
180500349508031494  36135488369755138
180500349541585926  36135488369755138
180499284355093510  36135488369755138
180499284356142086  36135488369755138
180499284388647942  36135488369755138
180499318748386310  36135488369755138
180499284389696518  36135488369755138
180499318749434886  36135488369755138
180500383867769862  36135488369755138
180500383901324294  36135488369755138
180500418261062662  36135488369755138
36219123597087750  36067316534936578
144341729754190853  36102500907025409
144341729754223621  36102500907025409
144341730827932677  36102500907025409
144341730827965445  36102500907025409
144376913018950659  36102500907025409
144376913018950660  36102500907025409
144376913052505093  36102500907025409
144374714029249540  36102500907025409
144341798473700357  36102500907025409
144341832833438725  36102500907025409
144341799547442181  36102500907025409
144341833907180549  36102500907025409
144341763006600194  36102500907025409
144376947412243458  36102500907025409
144376947412243459  36102500907025409
144376947412243460  36102500907025409
180369496987702274  36102500907025409
180369494840218626  36102500907025409
180369497088365570  36102500907025409
180369498162107394  36102500907025409
180369494940881922  36102500907025409
180370596532851714  36102500907025409
144341799513887745  36102500907025409
144339600524186625  36102500907025409
180370594385368066  36102500907025409
144341798440145922  36102500907025409
144341798473700353  36102500907025409
180369531347440642  36102500907025409
180369529199956994  36102500907025409
180369531448103938  36102500907025409
180369532521845762  36102500907025409
180369529300620290  36102500907025409
180370630892590082  36102500907025409
144341833873626113  36102500907025409
144339634883924993  36102500907025409
144341765154116610  36102500907025409
144341765187671041  36102500907025409
144341765154149378  36102500907025409
144341765187703809  36102500907025409
180370628745106434  36102500907025409
144341832799884290  36102500907025409
144341832833438721  36102500907025409
144341763006632962  36102500907025409
144341764113929218  36102500907025409
144341763006665730  36102500907025409
144341764113961986  36102500907025409
144341865884488706  36102500839916545
144341799312561154  36102500839916545
144341800386302978  36102500839916545
144341797165077506  36102500839916545
144341833672299522  36102500839916545
144341868032005122  36102500839916545
144341868032037890  36102500839916545
144341834746041346  36102500839916545
144341869105746946  36102500839916545
144341869105779714  36102500839916545
144341831524815874  36102500839916545
144341865884521474  36102500839916545
144341865884554242  36102500839916545
324300099209661612  72093947815592995
324300099209662636  72093947815592995
324300099209661614  72093947815592995
324300099209662638  72093947815592995
324300133569399980  72093947815592995
324300133569401004  72093947815592995
324300133569399982  72093947815592995
324300133569401006  72093947815592995
324300100283403436  72093947815592995
324300100283404460  72093947815592995
324300100283403438  72093947815592995
324300100283404462  72093947815592995
324300134643141804  72093947815592995
324300134643142828  72093947815592995
324300134643141806  72093947815592995
324300134643142830  72093947815592995
288271301116955820  72093947815592995
288271301116956844  72093947815592995
288271301116955822  72093947815592995
288271301116956846  72093947815592995
288271335476694188  72093947815592995
288271335476695212  72093947815592995
288271335476694190  72093947815592995
288271335476695214  72093947815592995
288271300043213998  72093947815592995
288271300043215022  72093947815592995
288271334402952366  72093947815592995
288271334402953390  72093947815592995
324335287876719786  72093948889334819
324335287876719787  72093948889334819
324300103504630956  72093948889334819
324335287876719789  72093948889334819
324300103504630958  72093948889334819
324335322236458154  72093948889334819
324335322236458155  72093948889334819
324300137864369324  72093948889334819
324335322236458157  72093948889334819
324300137864369326  72093948889334819
324335288950461610  72093948889334819
324335288950461611  72093948889334819
324300104578372780  72093948889334819
324335288950461613  72093948889334819
324300104578372782  72093948889334819
324335323310199978  72093948889334819
324335323310199979  72093948889334819
324300138938111148  72093948889334819
324335323310199981  72093948889334819
324300138938111150  72093948889334819
324300102430887086  72093948889334819
324300102430888110  72093948889334819
324300136790625454  72093948889334819
324300136790626478  72093948889334819
72102100646137925  36066286716879905
72102101719879749  36066286716879905
72102103867363397  36066286716879905
72103202305248325  36066286716879905
72103204452731973  36066286716879905
72103200157765701  36066286716879905
72103201231507525  36066286716879905
72103203378991173  36066286716879905
72103200157731909  36066286716879905
72103201231473733  36066286716879905
72103203378957381  36066286716879905
108131997176695877  36066286716879905
108131998250437701  36066286716879905
108132000397921349  36066286716879905
108137042689724578  36067315361612833
144161441660113057  36067315361612833
180190238679077025  36067315361612833
144161441661161633  36067315361612833
180190238680125601  36067315361612833
108135943178129570  36067315361612833
288271298970520748  72093946742899747
288271298970521772  72093946742899747
288271298970520750  72093946742899747
288271298970521774  72093946742899747
36151083463251206  36067348680049730
36186267835340038  36067348680049730
36151083463251207  36067348680049730
36186267835340039  36067348680049730
36151083463251208  36067348680049730
36186267835340040  36067348680049730
540506729156217013  108122677256946725
324616528546829388  72164249921684515
324616530694313004  72164249921684515
36559867781092423  36135451862533154
36559867780043879  36135451862533154
36559867780043911  36135451862533154
36560967291671655  36135451862533154
36560967291671687  36135451862533154
36559867781092424  36135451862533154
36559867780043880  36135451862533154
36559867780043912  36135451862533154
36560967291671656  36135451862533154
36560967291671688  36135451862533154
36150850461275366  36067282108056642
36186034833364198  36067282108056642
36150850461275398  36067282108056642
36186034833364230  36067282108056642
36150850461275367  36067282108056642
36186034833364199  36067282108056642
36150850461275399  36067282108056642
36186034833364231  36067282108056642
36150850461275368  36067282108056642
36186034833364200  36067282108056642
36150850461275400  36067282108056642
36186034833364232  36067282108056642
41027183323714567  37261351702332418
42153084304397319  37261351702332418
42153085378139143  37261351702332418
42153086451880967  37261351702332418
42153084303348742  37261351702332418
41027183323714568  37261351702332418
42153084304397320  37261351702332418
42153085378139144  37261351702332418
42153086451880968  37261351702332418
150239474287449095  37261351702332418
149113574379557895  37261351702332418
150239474287547399  37261351702332418
150239475360240647  37261351702332418
150239474287449096  37261351702332418
149113574379557896  37261351702332418
150239474287547400  37261351702332418
150239475360240648  37261351702332418
150238374775821321  37261351702332418
149112474867930121  37261351702332418
150238374775919625  37261351702332418
150238375848612873  37261351702332418
150239474287449097  37261351702332418
149113574379557897  37261351702332418
150239474287547401  37261351702332418
150239475360240649  37261351702332418
186268271306413063  37261351702332418
185142371398521863  37261351702332418
186268271306511367  37261351702332418
186268272379204615  37261351702332418
186268271306413064  37261351702332418
185142371398521864  37261351702332418
186268271306511368  37261351702332418
186268272379204616  37261351702332418
186267171794785289  37261351702332418
185141271886894089  37261351702332418
186267171794883593  37261351702332418
186267172867576841  37261351702332418
186268271306413065  37261351702332418
185142371398521865  37261351702332418
186268271306511369  37261351702332418
186268272379204617  37261351702332418
42117898858599431  37261351702332418
42117899931292679  37261351702332418
42117898858599432  37261351702332418
42117899931292680  37261351702332418
42153084304430087  37261351702332418
42153085378171911  37261351702332418
42153086451913735  37261351702332418
42153084303381510  37261351702332418
42153084304462855  37261351702332418
42153085378204679  37261351702332418
42153086451946503  37261351702332418
42153084303414278  37261351702332418
42153084304430088  37261351702332418
42153085378171912  37261351702332418
42153086451913736  37261351702332418
42153084304462856  37261351702332418
42153085378204680  37261351702332418
42153086451946504  37261351702332418
42188268676518919  37261351702332418
42188269750260743  37261351702332418
42188270824002567  37261351702332418
42188268675470342  37261351702332418
42188268676518920  37261351702332418
42188269750260744  37261351702332418
42188270824002568  37261351702332418
186233086933406727  37261351702332418
186233086934389767  37261351702332418
186234186446017543  37261351702332418
186233086933406728  37261351702332418
186233086934389768  37261351702332418
186234186446017544  37261351702332418
186231987421778953  37261351702332418
186231987422761993  37261351702332418
186233086933406729  37261351702332418
186233086934389769  37261351702332418
186234186446017545  37261351702332418
186268271306544135  37261351702332418
186268272379237383  37261351702332418
186268271306576903  37261351702332418
186268272379270151  37261351702332418
186268271306544136  37261351702332418
186268272379237384  37261351702332418
186268271306576904  37261351702332418
186268272379270152  37261351702332418
186267171794916361  37261351702332418
186267172867609609  37261351702332418
186267171794949129  37261351702332418
186267172867642377  37261351702332418
186268271306544137  37261351702332418
186268272379237385  37261351702332418
186268271306576905  37261351702332418
186268272379270153  37261351702332418
186303455678632967  37261351702332418
186303456751326215  37261351702332418
186303455678632968  37261351702332418
186303456751326216  37261351702332418
186302356167005193  37261351702332418
186302357239698441  37261351702332418
186303455678632969  37261351702332418
186303456751326217  37261351702332418
252242505205287948  72093947815592963
288271302224251916  72093947815592963
252242505205288972  72093947815592963
288271302224252940  72093947815592963
252242505205287950  72093947815592963
288271302224251918  72093947815592963
252242505205288974  72093947815592963
288271302224252942  72093947815592963
252242539565026316  72093947815592963
288271336583990284  72093947815592963
252242539565027340  72093947815592963
288271336583991308  72093947815592963
252242539565026318  72093947815592963
288271336583990286  72093947815592963
252242539565027342  72093947815592963
288271336583991310  72093947815592963
252242506279029772  72093947815592963
288271303297993740  72093947815592963
252242506279030796  72093947815592963
288271303297994764  72093947815592963
252242506279029774  72093947815592963
288271303297993742  72093947815592963
252242506279030798  72093947815592963
288271303297994766  72093947815592963
252242540638768140  72093947815592963
288271337657732108  72093947815592963
252242540638769164  72093947815592963
288271337657733132  72093947815592963
252242540638768142  72093947815592963
288271337657732110  72093947815592963
252242540638769166  72093947815592963
288271337657733134  72093947815592963
252242509466700812  72093948889334787
288271306485664780  72093948889334787
252242509466701836  72093948889334787
288271306485665804  72093948889334787
252242509466700814  72093948889334787
288271306485664782  72093948889334787
252242509466701838  72093948889334787
288271306485665806  72093948889334787
252242543826439180  72093948889334787
288271340845403148  72093948889334787
252242543826440204  72093948889334787
288271340845404172  72093948889334787
252242543826439182  72093948889334787
288271340845403150  72093948889334787
252242543826440206  72093948889334787
288271340845404174  72093948889334787
252242510540442636  72093948889334787
288271307559406604  72093948889334787
252242510540443660  72093948889334787
288271307559407628  72093948889334787
252242510540442638  72093948889334787
288271307559406606  72093948889334787
252242510540443662  72093948889334787
288271307559407630  72093948889334787
252242544900181004  72093948889334787
288271341919144972  72093948889334787
252242544900182028  72093948889334787
288271341919145996  72093948889334787
252242544900181006  72093948889334787
288271341919144974  72093948889334787
252242544900182030  72093948889334787
288271341919145998  72093948889334787
252242508426513422  72093948889334787
288271305445477390  72093948889334787
252242508426514446  72093948889334787
288271305445478414  72093948889334787
252242542786251790  72093948889334787
288271339805215758  72093948889334787
252242542786252814  72093948889334787
288271339805216782  72093948889334787
36492836224832516  36136586806658049
36492837298574340  36136586806658049
36528054956659716  36136586806658049
36528056030401540  36136586806658049
36528023818146820  36136586806658049
36528058177852420  36136586806658049
36528058177917956  36136586806658049
36563242549974020  36136586806658049
288271299003026604  72093946741851171
288271299003027628  72093946741851171
288271299003026606  72093946741851171
288271299003027630  72093946741851171
288271333362764972  72093946741851171
288271333362765996  72093946741851171
288271333362764974  72093946741851171
288271333362765998  72093946741851171
144328500917474324  36100267456955397
180357299011228692  36100267456955397
180357299012277268  36100267456955397
144328501991216148  36100267456955397
180357299011294228  36100267456955397
180357299012342804  36100267456955397
180357300084970516  36100267456955397
180357300086019092  36100267456955397
180357300117476372  36100267456955397
180357300151030804  36100267456955397
144328503064957972  36100267456955397
180357300085036052  36100267456955397
180357300086084628  36100267456955397
180357300117541908  36100267456955397
180357300151096340  36100267456955397
144328500951028756  36100267456955397
144328500984583188  36100267456955397
144328501018137620  36100267456955397
180357299044783124  36100267456955397
180357299078337556  36100267456955397
144328501958710292  36100267456955397
180357299045831700  36100267456955397
180357299079386132  36100267456955397
144328501959758868  36100267456955397
144328502024770580  36100267456955397
144328502058325012  36100267456955397
144328502091879444  36100267456955397
180357299044848660  36100267456955397
180357299078403092  36100267456955397
180357299045897236  36100267456955397
180357299079451668  36100267456955397
144328500918522900  36100267456955397
144328500919571476  36100267456955397
180357300118524948  36100267456955397
144328500952077332  36100267456955397
180357300152079380  36100267456955397
144328500985631764  36100267456955397
144328501019186196  36100267456955397
180357300119573524  36100267456955397
144328500953125908  36100267456955397
180357300153127956  36100267456955397
144328500986680340  36100267456955397
144328501020234772  36100267456955397
180357300118590484  36100267456955397
180357300152144916  36100267456955397
180357300119639060  36100267456955397
180357300153193492  36100267456955397
180395780912649235  36100267456955397
180360596540560404  36100267456955397
180395781986391059  36100267456955397
180360597614302228  36100267456955397
180395783060132883  36100267456955397
180360598688044052  36100267456955397
180360596439864340  36100267456955397
180360596439929876  36100267456955397
180360597513606164  36100267456955397
180360597513671700  36100267456955397
180360596537381908  36100267456955397
180360596537447444  36100267456955397
144341694320677890  36102466547287041
144341696468194306  36102466547287041
144341696468227074  36102466547287041
144341694320710658  36102466547287041
144341694320743426  36102466547287041
6124286245147655  1232554716922882
6124286277653511  1232554716922882
4998386337256455  1232554716922882
6124286245245959  1232554716922882
6124286277751815  1232554716922882
6124287317939207  1232554716922882
6124286278734855  1232554716922882
6125385790362631  1232554716922882
6124286245147656  1232554716922882
6124286277653512  1232554716922882
4998386337256456  1232554716922882
6124286245245960  1232554716922882
6124286277751816  1232554716922882
6124287317939208  1232554716922882
6124286278734856  1232554716922882
6125385790362632  1232554716922882
6123186733519881  1232554716922882
6123186766025737  1232554716922882
4997286825628681  1232554716922882
6123186733618185  1232554716922882
6123186766124041  1232554716922882
6123187806311433  1232554716922882
6123186767107081  1232554716922882
6124286245147657  1232554716922882
6124286277653513  1232554716922882
4998386337256457  1232554716922882
6124286245245961  1232554716922882
6124286277751817  1232554716922882
6124287317939209  1232554716922882
6124286278734857  1232554716922882
6125385790362633  1232554716922882
6089101872141319  1232554716922882
6089101873124359  1232554716922882
6089101905630215  1232554716922882
6089101939184647  1232554716922882
6090201384752135  1232554716922882
6090201417257991  1232554716922882
6090201450812423  1232554716922882
6091300928885767  1232554716922882
6091300962440199  1232554716922882
6089101872141320  1232554716922882
6089101873124360  1232554716922882
6089101905630216  1232554716922882
6089101939184648  1232554716922882
6090201384752136  1232554716922882
6090201417257992  1232554716922882
6090201450812424  1232554716922882
6091300928885768  1232554716922882
6091300962440200  1232554716922882
6088002360513545  1232554716922882
6088002361496585  1232554716922882
6088002394002441  1232554716922882
6088002427556873  1232554716922882
6089101872141321  1232554716922882
6089101873124361  1232554716922882
6089101905630217  1232554716922882
6089101939184649  1232554716922882
6090201384752137  1232554716922882
6090201417257993  1232554716922882
6090201450812425  1232554716922882
6091300928885769  1232554716922882
6091300962440201  1232554716922882
6124286245278727  1232554716922882
6124286277784583  1232554716922882
6124287317971975  1232554716922882
6124286245311495  1232554716922882
6124286277817351  1232554716922882
6124287318004743  1232554716922882
6124286278767623  1232554716922882
6125385790395399  1232554716922882
6124286245278728  1232554716922882
6124286277784584  1232554716922882
6124287317971976  1232554716922882
6124286245311496  1232554716922882
6124286277817352  1232554716922882
6124287318004744  1232554716922882
6124286278767624  1232554716922882
6125385790395400  1232554716922882
6123186733650953  1232554716922882
6123186766156809  1232554716922882
6123187806344201  1232554716922882
6123186733683721  1232554716922882
6123186766189577  1232554716922882
6123187806376969  1232554716922882
6123186767139849  1232554716922882
6124286245278729  1232554716922882
6124286277784585  1232554716922882
6124287317971977  1232554716922882
6124286245311497  1232554716922882
6124286277817353  1232554716922882
6124287318004745  1232554716922882
6124286278767625  1232554716922882
6125385790395401  1232554716922882
6159470617367559  1232554716922882
6159470649873415  1232554716922882
6159471690060807  1232554716922882
6159470650856455  1232554716922882
6160570162484231  1232554716922882
6159470617367560  1232554716922882
6159470649873416  1232554716922882
6159471690060808  1232554716922882
6159470650856456  1232554716922882
6160570162484232  1232554716922882
6158371105739785  1232554716922882
6158371138245641  1232554716922882
6158372178433033  1232554716922882
6158371139228681  1232554716922882
6159470617367561  1232554716922882
6159470649873417  1232554716922882
6159471690060809  1232554716922882
6159470650856457  1232554716922882
6160570162484233  1232554716922882
144331799387345940  36100267423400965
144331800461087764  36100267423400965
144331801534829588  36100267423400965
4998386304750599  1232554683368450
6124287285433351  1232554683368450
6124288359175175  1232554683368450
6124289432916999  1232554683368450
6124287284384774  1232554683368450
4998386304750600  1232554683368450
6124287285433352  1232554683368450
6124288359175176  1232554683368450
6124289432917000  1232554683368450
4997286793122825  1232554683368450
6123187773805577  1232554683368450
6123188847547401  1232554683368450
6123189921289225  1232554683368450
4998386304750601  1232554683368450
6124287285433353  1232554683368450
6124288359175177  1232554683368450
6124289432917001  1232554683368450
6089101839635463  1232554683368450
6089102912328711  1232554683368450
6089101839635464  1232554683368450
6089102912328712  1232554683368450
6088002328007689  1232554683368450
6088003400700937  1232554683368450
6089101839635465  1232554683368450
6089102912328713  1232554683368450
6124287285466119  1232554683368450
6124288359207943  1232554683368450
6124289432949767  1232554683368450
6124287284417542  1232554683368450
6124287285498887  1232554683368450
6124288359240711  1232554683368450
6124289432982535  1232554683368450
6124287284450310  1232554683368450
6124287285466120  1232554683368450
6124288359207944  1232554683368450
6124289432949768  1232554683368450
6124287285498888  1232554683368450
6124288359240712  1232554683368450
6124289432982536  1232554683368450
6123187773838345  1232554683368450
6123188847580169  1232554683368450
6123189921321993  1232554683368450
6123187773871113  1232554683368450
6123188847612937  1232554683368450
6123189921354761  1232554683368450
6124287285466121  1232554683368450
6124288359207945  1232554683368450
6124289432949769  1232554683368450
6124287285498889  1232554683368450
6124288359240713  1232554683368450
6124289432982537  1232554683368450
6159471657554951  1232554683368450
6159472731296775  1232554683368450
6159473805038599  1232554683368450
6159471656506374  1232554683368450
6159471657554952  1232554683368450
6159472731296776  1232554683368450
6159473805038600  1232554683368450
6158372145927177  1232554683368450
6158373219669001  1232554683368450
6158374293410825  1232554683368450
6159471657554953  1232554683368450
6159472731296777  1232554683368450
6159473805038601  1232554683368450
