41803674016715879  37191050704487458
41802574505087079  37191050704487458
41802574506135655  37191050704487458
41803675090455655  37191050704487458
41803675090456679  37191050704487458
77831372597792871  37191050704487458
77831372598841447  37191050704487458
41801474993460359  37191050704487458
41803674016715911  37191050704487458
41802574505087111  37191050704487458
41801474994508935  37191050704487458
41802574506135687  37191050704487458
41801476067201159  37191050704487458
41803675090455687  37191050704487458
41803675090456711  37191050704487458
77831372597792903  37191050704487458
41801476068249735  37191050704487458
77831372598841479  37191050704487458
41803639656977512  37191050704487458
41802540145348712  37191050704487458
41802540146397288  37191050704487458
41803674016715880  37191050704487458
41802574505087080  37191050704487458
41802574506135656  37191050704487458
41803640730717288  37191050704487458
41803640730718312  37191050704487458
77831338238054504  37191050704487458
77831338239103080  37191050704487458
41803675090455656  37191050704487458
41803675090456680  37191050704487458
77831372597792872  37191050704487458
77831372598841448  37191050704487458
41801440633721992  37191050704487458
41803639656977544  37191050704487458
41802540145348744  37191050704487458
41801440634770568  37191050704487458
41802540146397320  37191050704487458
41801474993460360  37191050704487458
41803674016715912  37191050704487458
41802574505087112  37191050704487458
41801474994508936  37191050704487458
41802574506135688  37191050704487458
41801441707462792  37191050704487458
41803640730717320  37191050704487458
41803640730718344  37191050704487458
77831338238054536  37191050704487458
41801441708511368  37191050704487458
77831338239103112  37191050704487458
41801476067201160  37191050704487458
41803675090455688  37191050704487458
41803675090456712  37191050704487458
77831372597792904  37191050704487458
41801476068249736  37191050704487458
77831372598841480  37191050704487458
77832472109419622  37191050704487458
77832472109420646  37191050704487458
77831372597792873  37191050704487458
77831372598841449  37191050704487458
77830273086165126  37191050704487458
77832472109419654  37191050704487458
77832472109420678  37191050704487458
77831372597792905  37191050704487458
77830273087213702  37191050704487458
77831372598841481  37191050704487458
41803676164197479  37191050704487458
41803676164198503  37191050704487458
77831373671534695  37191050704487458
77831373672583271  37191050704487458
41801477140942983  37191050704487458
41803676164197511  37191050704487458
41803676164198535  37191050704487458
77831373671534727  37191050704487458
41801477141991559  37191050704487458
77831373672583303  37191050704487458
41803641804459112  37191050704487458
41803641804460136  37191050704487458
77831339311796328  37191050704487458
77831339312844904  37191050704487458
41803676164197480  37191050704487458
41803676164198504  37191050704487458
77831373671534696  37191050704487458
77831373672583272  37191050704487458
41801442781204616  37191050704487458
41803641804459144  37191050704487458
41803641804460168  37191050704487458
77831339311796360  37191050704487458
41801442782253192  37191050704487458
77831339312844936  37191050704487458
41801477140942984  37191050704487458
41803676164197512  37191050704487458
41803676164198536  37191050704487458
77831373671534728  37191050704487458
41801477141991560  37191050704487458
77831373672583304  37191050704487458
77832473183161446  37191050704487458
77832473183162470  37191050704487458
77831373671534697  37191050704487458
77831373672583273  37191050704487458
77830274159906950  37191050704487458
77832473183161478  37191050704487458
77832473183162502  37191050704487458
77831373671534729  37191050704487458
77830274160955526  37191050704487458
77831373672583305  37191050704487458
77831374746325095  37191050704487458
41801478215733383  37191050704487458
77831374746325127  37191050704487458
77831340386586728  37191050704487458
77831374746325096  37191050704487458
41801443855995016  37191050704487458
77831340386586760  37191050704487458
41801478215733384  37191050704487458
77831374746325128  37191050704487458
77831374746325097  37191050704487458
77830275234697350  37191050704487458
77831374746325129  37191050704487458
41768495013336167  37191051778229282
41802579873797223  37191051778229282
41802579874845799  37191051778229282
41803680459166823  37191051778229282
41802580947538023  37191051778229282
41802580948586599  37191051778229282
41766295990080647  37191051778229282
41768495013336199  37191051778229282
41802579873797255  37191051778229282
41766295991129223  37191051778229282
41802579874845831  37191051778229282
41801481435911303  37191051778229282
41803680459166855  37191051778229282
41802580947538055  37191051778229282
41801481436959879  37191051778229282
41802580948586631  37191051778229282
41768460653597800  37191051778229282
41802545514058856  37191051778229282
41802545515107432  37191051778229282
41768495013336168  37191051778229282
41802579873797224  37191051778229282
41802579874845800  37191051778229282
41803646099428456  37191051778229282
41802546587799656  37191051778229282
41802546588848232  37191051778229282
41803680459166824  37191051778229282
41802580947538024  37191051778229282
41802580948586600  37191051778229282
41766261630342280  37191051778229282
41768460653597832  37191051778229282
41802545514058888  37191051778229282
41766261631390856  37191051778229282
41802545515107464  37191051778229282
41766295990080648  37191051778229282
41768495013336200  37191051778229282
41802579873797256  37191051778229282
41766295991129224  37191051778229282
41802579874845832  37191051778229282
41801447076172936  37191051778229282
41803646099428488  37191051778229282
41802546587799688  37191051778229282
41801447077221512  37191051778229282
41802546588848264  37191051778229282
41801481435911304  37191051778229282
41803680459166856  37191051778229282
41802580947538056  37191051778229282
41801481436959880  37191051778229282
41802580948586632  37191051778229282
41803680459164774  37191051778229282
41803680459165798  37191051778229282
77831377966501990  37191051778229282
77831377967550566  37191051778229282
41801481435910278  37191051778229282
41803680459164806  37191051778229282
41803680459165830  37191051778229282
77831377966502022  37191051778229282
41801481436958854  37191051778229282
77831377967550598  37191051778229282
40605283821655079  37191051778229282
40605283821655080  37191051778229282
41802582022328423  37191051778229282
41801482510701703  37191051778229282
41802582022328455  37191051778229282
41802547662590056  37191051778229282
41802582022328424  37191051778229282
41801448150963336  37191051778229282
41802547662590088  37191051778229282
41801482510701704  37191051778229282
41802582022328456  37191051778229282
77831379041292390  37191051778229282
41801482510700678  37191051778229282
77831379041292422  37191051778229282
217760522438871043  73290184255374337
218886422345713667  73290184255374337
218886422345713668  73290184255374337
254810761397995525  73290183181665281
290839558416959493  73290183181665281
255936661304838149  73290183181665281
291965458323802117  73290183181665281
257062561245235205  73290183181665281
293091358264199173  73290183181665281
325848008645347331  73290183181665281
326973908552189955  73290183181665281
328099808459032579  73290183181665281
221139317308983299  73290183181665281
257168114327947267  73290183181665281
293196911346911235  73290183181665281
326973908552189956  73290183181665281
328099808459032580  73290183181665281
221139317308983300  73290183181665281
257168114327947268  73290183181665281
293196911346911236  73290183181665281
254916314514262021  73290183181665281
290945111533225989  73290183181665281
256042214421104645  73290183181665281
292071011440068613  73290183181665281
257168114361501701  73290183181665281
293196911380465669  73290183181665281
254845945803638789  73290183181665281
290874742822602757  73290183181665281
255971845710481413  73290183181665281
292000642729445381  73290183181665281
257132929989412869  73290183181665281
293161727008376837  73290183181665281
254845945803639813  73290183181665281
290874742822603781  73290183181665281
255971845710482437  73290183181665281
292000642729446405  73290183181665281
257132929989413893  73290183181665281
293161727008377861  73290183181665281
257132929989414917  73290183181665281
293161727008378885  73290183181665281
254881164535467013  73290183181665281
290909961554430981  73290183181665281
256007064442309637  73290183181665281
292035861461273605  73290183181665281
257132964349185029  73290183181665281
293161761368148997  73290183181665281
257132964349186053  73290183181665281
293161761368150021  73290183181665281
77832469961935975  37191049630745634
77832469961936999  37191049630745634
77830270938681479  37191049630745634
77832469961936007  37191049630745634
77832469961937031  37191049630745634
77830270939730055  37191049630745634
77832435602197608  37191049630745634
77832435602198632  37191049630745634
77831336090570857  37191049630745634
77831336091619433  37191049630745634
77832469961935976  37191049630745634
77832469961937000  37191049630745634
77830236578943112  37191049630745634
77832435602197640  37191049630745634
77832435602198664  37191049630745634
77831336090570889  37191049630745634
77830236579991688  37191049630745634
77831336091619465  37191049630745634
77830270938681480  37191049630745634
77832469961936008  37191049630745634
77832469961937032  37191049630745634
77830270939730056  37191049630745634
77832469961935977  37191049630745634
77832469961937001  37191049630745634
77830270938681481  37191049630745634
77832469961936009  37191049630745634
77832469961937033  37191049630745634
77829171427053705  37191049630745634
77830270939730057  37191049630745634
77829171428102281  37191049630745634
218604909519735920  73219780010640420
254634804976651378  73219780010673188
290663601995615346  73219780010673188
254634804976617586  73219780010673188
254633705465022578  73219780010673188
290663601995581554  73219780010673188
290662502483986546  73219780010673188
254634804976618578  73219780010673188
254633705465023570  73219780010673188
290663601995582546  73219780010673188
290662502483987538  73219780010673188
255760704883460178  73219780010673188
256886604790302802  73219780010673188
291789501902424146  73219780010673188
292915401809266770  73219780010673188
324300099210710188  72093947816641571
324300099210711212  72093947816641571
324300099210710190  72093947816641571
324300099210711214  72093947816641571
288271301118004396  72093947816641571
288271301118005420  72093947816641571
288271301118004398  72093947816641571
288271301118005422  72093947816641571
288271300044262574  72093947816641571
288271300044263598  72093947816641571
324335287877768362  72093948890383395
324335287877768363  72093948890383395
324300103505679532  72093948890383395
324335287877768365  72093948890383395
324300103505679534  72093948890383395
324300102431935662  72093948890383395
324300102431936686  72093948890383395
36137835778053354  36065118552884291
36137835778053386  36065118552884291
36139924235687027  36065117478159397
36139925309428851  36065117478159397
36139926383170675  36065117478159397
72103195997015109  36066285676692513
72103197070756933  36066285676692513
72103196030569541  36066285676692513
72103197104311365  36066285676692513
72103196164787269  36066285710246945
72103197238529093  36066285710246945
72102100746801221  36066286750434337
72102101820543045  36066286750434337
72102103968026693  36066286750434337
72102100780355653  36066286750434337
72102101854097477  36066286750434337
72102104001581125  36066286750434337
72103202439466053  36066286750434337
72103204586949701  36066286750434337
72103200291983429  36066286750434337
72103201365725253  36066286750434337
72103203513208901  36066286750434337
72103200291949637  36066286750434337
72103201365691461  36066286750434337
72103203513175109  36066286750434337
108131997310913605  36066286750434337
108131998384655429  36066286750434337
108132000532139077  36066286750434337
72102100813910085  36066286750434337
72102101887651909  36066286750434337
72102104035135557  36066286750434337
72103202473020485  36066286750434337
72103204620504133  36066286750434337
72103200325537861  36066286750434337
72103201399279685  36066286750434337
72103203546763333  36066286750434337
72103200325504069  36066286750434337
72103201399245893  36066286750434337
72103203546729541  36066286750434337
108131997344468037  36066286750434337
108131998418209861  36066286750434337
108132000565693509  36066286750434337
72102103062057029  36066286783988769
72102105209540677  36066286783988769
72102100914540613  36066286783988769
72102101988282437  36066286783988769
72102104135766085  36066286783988769
108130897933504581  36066286783988769
108130899007246405  36066286783988769
108130901154730053  36066286783988769
72102103095611461  36066286783988769
72102105243095109  36066286783988769
72103205828463685  36066286783988769
72103202607239237  36066286783988769
72103204754722885  36066286783988769
72102100948095045  36066286783988769
72102102021836869  36066286783988769
72102104169320517  36066286783988769
72103202607205445  36066286783988769
72103204754689093  36066286783988769
72103200459722821  36066286783988769
72103201533464645  36066286783988769
72103203680948293  36066286783988769
108130897967059013  36066286783988769
108130899040800837  36066286783988769
108130901188284485  36066286783988769
108131999626169413  36066286783988769
108132001773653061  36066286783988769
108131997478686789  36066286783988769
108131998552428613  36066286783988769
108132000699912261  36066286783988769
36148891184436359  36067350894642210
36184075556525191  36067350894642210
36148892258178182  36067350894642210
36184076630267014  36067350894642210
36148892258178183  36067350894642210
36184076630267015  36067350894642210
36219264257135751  36067351968384034
36148895445849223  36067351968384034
36184079817938055  36067351968384034
36149994923922567  36067351968384034
36185179296011399  36067351968384034
36148895512958088  36067351968384034
36184079885046920  36067351968384034
36148895378740360  36067351968384034
36148895412294792  36067351968384034
36148895546512520  36067351968384034
36184079750829192  36067351968384034
36184079784383624  36067351968384034
36184079918601352  36067351968384034
36151094435550344  36067351968384034
36186278807639176  36067351968384034
36148861119665288  36067351968384034
36184045491754120  36067351968384034
36184079885045895  36067351968384034
36184079750828167  36067351968384034
36184079784382599  36067351968384034
36184079918600327  36067351968384034
36184079851491464  36067351968384034
72212876870455432  36067351968384034
72212876870455431  36067351968384034
72209581591400585  36067351968384034
72209579410362505  36067351968384034
72209582665142409  36067351968384034
72209583738884233  36067351968384034
72209580484104329  36067351968384034
72209581457182857  36067351968384034
72209581490737289  36067351968384034
72209581624955017  36067351968384034
72209582698696841  36067351968384034
72209583772438665  36067351968384034
36186278807639175  36067351968384034
36151094435550343  36067351968384034
72209547198107785  36067351968384034
72209548271849609  36067351968384034
72209549345591433  36067351968384034
36151094435550311  36067351968384034
36186278807639143  36067351968384034
36151094435550312  36067351968384034
36186278807639144  36067351968384034
108133744221981857  36067315395167265
108133744255536289  36067315395167265
108137042823942306  36067315395167265
108132644708257953  36067315395167265
108132644741812385  36067315395167265
144161441794330785  36067315395167265
180190238813294753  36067315395167265
108132644709306529  36067315395167265
108132644742860961  36067315395167265
144161441795379361  36067315395167265
180190238814343329  36067315395167265
108135943245238433  36067315395167265
108135943278792865  36067315395167265
108135943312347298  36067315395167265
108137042857496738  36067315395167265
144161441827885217  36067315395167265
144161441828933793  36067315395167265
108135943345901730  36067315395167265
108133744389754017  36067315428721697
108133744423308449  36067315428721697
108137042991714466  36067315428721697
108132644876030113  36067315428721697
108132644909584545  36067315428721697
144161441962102945  36067315428721697
108132644877078689  36067315428721697
108132644910633121  36067315428721697
144161441963151521  36067315428721697
108135943413010593  36067315428721697
108135943446565025  36067315428721697
108135943480119458  36067315428721697
36150953540490465  36067316467795009
36186137912579297  36067316467795009
36150953540490497  36067316467795009
36186137912579329  36067316467795009
36150953540490466  36067316467795009
36186137912579298  36067316467795009
36150953540490498  36067316467795009
36186137912579330  36067316467795009
36150953540490467  36067316467795009
36186137912579299  36067316467795009
36150953540490499  36067316467795009
36186137912579331  36067316467795009
36150953574044902  36067316467795010
36186137946133734  36067316467795010
36186137912578278  36067316467795010
72214934931542246  36067316467795010
36150953574044934  36067316467795010
36186137946133766  36067316467795010
36186137912578310  36067316467795010
72214934931542278  36067316467795010
36150953574044903  36067316467795010
36186137946133735  36067316467795010
36186137912578279  36067316467795010
72214934931542247  36067316467795010
36150953574044935  36067316467795010
36186137946133767  36067316467795010
36186137912578311  36067316467795010
72214934931542279  36067316467795010
36150953574044904  36067316467795010
36186137946133736  36067316467795010
36186137912578280  36067316467795010
72214934931542248  36067316467795010
36150953574044936  36067316467795010
36186137946133768  36067316467795010
36186137912578312  36067316467795010
72214934931542280  36067316467795010
36150884821013768  36067316467795010
36186069193102600  36067316467795010
36150952466748647  36067316467795010
36186136838837479  36067316467795010
36150952466748679  36067316467795010
36186136838837511  36067316467795010
36150952466748648  36067316467795010
36186136838837480  36067316467795010
36150952466748680  36067316467795010
36186136838837512  36067316467795010
36150919180752134  36067316467795010
36186103552840966  36067316467795010
36150919180752135  36067316467795010
36186103552840967  36067316467795010
36150919180752136  36067316467795010
36186103552840968  36067316467795010
36151086684476673  36067349753791553
36186271056565505  36067349753791553
36151086684476674  36067349753791553
36186271056565506  36067349753791553
36151086684476675  36067349753791553
36186271056565507  36067349753791553
36151090979443969  36067350827533377
36186275351532801  36067350827533377
36151090979443970  36067350827533377
36186275351532802  36067350827533377
36151090979443971  36067350827533377
36186275351532803  36067350827533377
36151086718031110  36067349753791554
36186271090119942  36067349753791554
36186271056564486  36067349753791554
72215068075528454  36067349753791554
36151086718031111  36067349753791554
36186271090119943  36067349753791554
36186271056564487  36067349753791554
72215068075528455  36067349753791554
36151086718031112  36067349753791554
36186271090119944  36067349753791554
36186271056564488  36067349753791554
72215068075528456  36067349753791554
36151052324738312  36067349753791554
36186236696827144  36067349753791554
36151084536993031  36067349753791554
36186268909081863  36067349753791554
36151084536993032  36067349753791554
36186268909081864  36067349753791554
36151085610734854  36067349753791554
36186269982823686  36067349753791554
36151085610734855  36067349753791554
36186269982823687  36067349753791554
36151085610734856  36067349753791554
36186269982823688  36067349753791554
36151091012998406  36067350827533378
36186275385087238  36067350827533378
36186275351531782  36067350827533378
72215072370495750  36067350827533378
36151091012998407  36067350827533378
36186275385087239  36067350827533378
36186275351531783  36067350827533378
72215072370495751  36067350827533378
36151091012998408  36067350827533378
36186275385087240  36067350827533378
36186275351531784  36067350827533378
72215072370495752  36067350827533378
36151056619705608  36067350827533378
36186240991794440  36067350827533378
36151089905702151  36067350827533378
36186274277790983  36067350827533378
36151089905702152  36067350827533378
36186274277790984  36067350827533378
650141277245016067  145347779332441089
615238380132894723  145347779332441089
615238380132894724  145347779332441089
255760704883461138  73219780010673156
256886604790303762  73219780010673156
291789501902425106  73219780010673156
292915401809267730  73219780010673156
256886604790304786  73219780010673156
292915401809268754  73219780010673156
42153083297666055  37261351735886850
41027183357268999  37261351735886850
41027183389774855  37261351735886850
42153083297764359  37261351735886850
42153084337951751  37261351735886850
42153085411693575  37261351735886850
42153084370457607  37261351735886850
42153084336903174  37261351735886850
42153083297666056  37261351735886850
41027183357269000  37261351735886850
41027183389774856  37261351735886850
42153083297764360  37261351735886850
42153084337951752  37261351735886850
42153085411693576  37261351735886850
42153084370457608  37261351735886850
150239474321003527  37261351735886850
150239474353509383  37261351735886850
149113574413112327  37261351735886850
150239474321101831  37261351735886850
150239474353607687  37261351735886850
150239475393795079  37261351735886850
150239474354590727  37261351735886850
150240573866218503  37261351735886850
150239474321003528  37261351735886850
150239474353509384  37261351735886850
149113574413112328  37261351735886850
150239474321101832  37261351735886850
150239474353607688  37261351735886850
150239475393795080  37261351735886850
150239474354590728  37261351735886850
150240573866218504  37261351735886850
150238374809375753  37261351735886850
150238374841881609  37261351735886850
149112474901484553  37261351735886850
150238374809474057  37261351735886850
150238374841979913  37261351735886850
150238375882167305  37261351735886850
150238374842962953  37261351735886850
150239474321003529  37261351735886850
150239474353509385  37261351735886850
149113574413112329  37261351735886850
150239474321101833  37261351735886850
150239474353607689  37261351735886850
150239475393795081  37261351735886850
150239474354590729  37261351735886850
150240573866218505  37261351735886850
186268271339967495  37261351735886850
186268271372473351  37261351735886850
185142371432076295  37261351735886850
186268271340065799  37261351735886850
186268271372571655  37261351735886850
186268272412759047  37261351735886850
186268271373554695  37261351735886850
186269370885182471  37261351735886850
186268271339967496  37261351735886850
186268271372473352  37261351735886850
185142371432076296  37261351735886850
186268271340065800  37261351735886850
186268271372571656  37261351735886850
186268272412759048  37261351735886850
186268271373554696  37261351735886850
186269370885182472  37261351735886850
186267171828339721  37261351735886850
186267171860845577  37261351735886850
185141271920448521  37261351735886850
186267171828438025  37261351735886850
186267171860943881  37261351735886850
186267172901131273  37261351735886850
186267171861926921  37261351735886850
186268271339967497  37261351735886850
186268271372473353  37261351735886850
185142371432076297  37261351735886850
186268271340065801  37261351735886850
186268271372571657  37261351735886850
186268272412759049  37261351735886850
186268271373554697  37261351735886850
186269370885182473  37261351735886850
42117898892153863  37261351735886850
42117898924659719  37261351735886850
42117898958214151  37261351735886850
42117899964847111  37261351735886850
42117898925642759  37261351735886850
42117898959197191  37261351735886850
42118998437270535  37261351735886850
42118998470824967  37261351735886850
42117898892153864  37261351735886850
42117898924659720  37261351735886850
42117898958214152  37261351735886850
42117899964847112  37261351735886850
42117898925642760  37261351735886850
42117898959197192  37261351735886850
42118998437270536  37261351735886850
42118998470824968  37261351735886850
42153083297797127  37261351735886850
42153084337984519  37261351735886850
42153085411726343  37261351735886850
42153084370490375  37261351735886850
42153084336935942  37261351735886850
42153083297829895  37261351735886850
42153084338017287  37261351735886850
42153085411759111  37261351735886850
42153084370523143  37261351735886850
42153084336968710  37261351735886850
42153083297797128  37261351735886850
42153084337984520  37261351735886850
42153085411726344  37261351735886850
42153084370490376  37261351735886850
42153083297829896  37261351735886850
42153084338017288  37261351735886850
42153085411759112  37261351735886850
42153084370523144  37261351735886850
42188267669885959  37261351735886850
42188268710073351  37261351735886850
42188269783815175  37261351735886850
42188268742579207  37261351735886850
42188268709024774  37261351735886850
42188267669885960  37261351735886850
42188268710073352  37261351735886850
42188269783815176  37261351735886850
42188268742579208  37261351735886850
186233086966961159  37261351735886850
186233086967944199  37261351735886850
186233087000450055  37261351735886850
186233087034004487  37261351735886850
186234186479571975  37261351735886850
186234186512077831  37261351735886850
186234186545632263  37261351735886850
186235286023705607  37261351735886850
186235286057260039  37261351735886850
186233086966961160  37261351735886850
186233086967944200  37261351735886850
186233087000450056  37261351735886850
186233087034004488  37261351735886850
186234186479571976  37261351735886850
186234186512077832  37261351735886850
186234186545632264  37261351735886850
186235286023705608  37261351735886850
186235286057260040  37261351735886850
186231987455333385  37261351735886850
186231987456316425  37261351735886850
186231987488822281  37261351735886850
186231987522376713  37261351735886850
186233086966961161  37261351735886850
186233086967944201  37261351735886850
186233087000450057  37261351735886850
186233087034004489  37261351735886850
186234186479571977  37261351735886850
186234186512077833  37261351735886850
186234186545632265  37261351735886850
186235286023705609  37261351735886850
186235286057260041  37261351735886850
186268271340098567  37261351735886850
186268271372604423  37261351735886850
186268272412791815  37261351735886850
186268271340131335  37261351735886850
186268271372637191  37261351735886850
186268272412824583  37261351735886850
186268271373587463  37261351735886850
186269370885215239  37261351735886850
186268271340098568  37261351735886850
186268271372604424  37261351735886850
186268272412791816  37261351735886850
186268271340131336  37261351735886850
186268271372637192  37261351735886850
186268272412824584  37261351735886850
186268271373587464  37261351735886850
186269370885215240  37261351735886850
186267171828470793  37261351735886850
186267171860976649  37261351735886850
186267172901164041  37261351735886850
186267171828503561  37261351735886850
186267171861009417  37261351735886850
186267172901196809  37261351735886850
186267171861959689  37261351735886850
186268271340098569  37261351735886850
186268271372604425  37261351735886850
186268272412791817  37261351735886850
186268271340131337  37261351735886850
186268271372637193  37261351735886850
186268272412824585  37261351735886850
186268271373587465  37261351735886850
186269370885215241  37261351735886850
186303455712187399  37261351735886850
186303455744693255  37261351735886850
186303456784880647  37261351735886850
186303455745676295  37261351735886850
186304555257304071  37261351735886850
186303455712187400  37261351735886850
186303455744693256  37261351735886850
186303456784880648  37261351735886850
186303455745676296  37261351735886850
186304555257304072  37261351735886850
186302356200559625  37261351735886850
186302356233065481  37261351735886850
186302357273252873  37261351735886850
186302356234048521  37261351735886850
186303455712187401  37261351735886850
186303455744693257  37261351735886850
186303456784880649  37261351735886850
186303455745676297  37261351735886850
186304555257304073  37261351735886850
72132402240391183  36065117545268227
72132402239375375  36065117545268227
72167586611464207  36065117545268227
72132402205788175  36065117545268227
108161199225800719  36065117545268227
72133502792304655  36065117545268227
72168687164393487  36065117545268227
72133503866046479  36065117545268227
72168688238135311  36065117545268227
72133501718530063  36065117545268227
72133501717514255  36065117545268227
72168686089603087  36065117545268227
72133501717383183  36065117545268227
108162298737395727  36065117545268227
72133501717415951  36065117545268227
108162298737428495  36065117545268227
72133501717547023  36065117545268227
72133502792337423  36065117545268227
72133503866079247  36065117545268227
108161199191197711  36065117545268227
144189996210161679  36065117545268227
180218793229125647  36065117545268227
72132402341054479  36065117578822659
72132402340038671  36065117578822659
72167586712127503  36065117578822659
72132402306451471  36065117578822659
108161199326464015  36065117578822659
108161199291861007  36065117578822659
144189996310824975  36065117578822659
180218793329788943  36065117578822659
252242505206336524  72093947816641539
288271302225300492  72093947816641539
252242505206337548  72093947816641539
288271302225301516  72093947816641539
252242505206336526  72093947816641539
288271302225300494  72093947816641539
252242505206337550  72093947816641539
288271302225301518  72093947816641539
252242509467749388  72093948890383363
288271306486713356  72093948890383363
252242509467750412  72093948890383363
288271306486714380  72093948890383363
252242509467749390  72093948890383363
288271306486713358  72093948890383363
252242509467750414  72093948890383363
288271306486714382  72093948890383363
252242508427561998  72093948890383363
288271305446525966  72093948890383363
252242508427563022  72093948890383363
288271305446526990  72093948890383363
144376913052505091  36102500907025409
144376913052505092  36102500907025409
144341763040154626  36102500907025409
144341799513887746  36102500907025409
144341799547442177  36102500907025409
144341797366404098  36102500907025409
144341798473700354  36102500907025409
144341833873626114  36102500907025409
144341833907180545  36102500907025409
144341765187671042  36102500907025409
144341765187703810  36102500907025409
144341831726142466  36102500907025409
144341832833438722  36102500907025409
144341763040187394  36102500907025409
144341763040220162  36102500907025409
288271302190697644  72093947815592995
288271302190698668  72093947815592995
288271302190697646  72093947815592995
288271302190698670  72093947815592995
288271336550436012  72093947815592995
288271336550437036  72093947815592995
288271336550436014  72093947815592995
288271336550437038  72093947815592995
288271303264439468  72093947815592995
288271303264440492  72093947815592995
288271303264439470  72093947815592995
288271303264440494  72093947815592995
288271337624177836  72093947815592995
288271337624178860  72093947815592995
288271337624177838  72093947815592995
288271337624178862  72093947815592995
288271301150510252  72093947815592995
288271301150511276  72093947815592995
288271301150510254  72093947815592995
288271301150511278  72093947815592995
288271335510248620  72093947815592995
288271335510249644  72093947815592995
288271335510248622  72093947815592995
288271335510249646  72093947815592995
288271300076768430  72093947815592995
288271300076769454  72093947815592995
288271334436506798  72093947815592995
288271334436507822  72093947815592995
324300103504628908  72093948889334819
324300103504629932  72093948889334819
324300103504628910  72093948889334819
324300103504629934  72093948889334819
324300137864367276  72093948889334819
324300137864368300  72093948889334819
324300137864367278  72093948889334819
324300137864368302  72093948889334819
324300104578370732  72093948889334819
324300104578371756  72093948889334819
324300104578370734  72093948889334819
324300104578371758  72093948889334819
324300138938109100  72093948889334819
324300138938110124  72093948889334819
324300138938109102  72093948889334819
324300138938110126  72093948889334819
288271305411923118  72093948889334819
288271305411924142  72093948889334819
288271339771661486  72093948889334819
288271339771662510  72093948889334819
72103200157764677  36066286716879905
72103201231506501  36066286716879905
72103203378990149  36066286716879905
144161441660114081  36067315361612833
180190238679078049  36067315361612833
180190238679109793  36067315361612833
144161441661162657  36067315361612833
180190238680126625  36067315361612833
180190238680158369  36067315361612833
288271299004075180  72093946742899747
288271299004076204  72093946742899747
288271299004075182  72093946742899747
288271299004076206  72093946742899747
36559867781092455  36135451862533154
36559867781092487  36135451862533154
36558768268416135  36135451862533154
36559867781092456  36135451862533154
36559867781092488  36135451862533154
36558768268416136  36135451862533154
42153084304397318  37261351702332418
42153085378139142  37261351702332418
42153086451880966  37261351702332418
42082715559171078  37261351702332418
149113574380606471  37261351702332418
150239475361289223  37261351702332418
150239476435031047  37261351702332418
150239477508772871  37261351702332418
150239475360240646  37261351702332418
149113574380606472  37261351702332418
150239475361289224  37261351702332418
150239476435031048  37261351702332418
150239477508772872  37261351702332418
149112474868978697  37261351702332418
150238375849661449  37261351702332418
150238376923403273  37261351702332418
150238377997145097  37261351702332418
149113574380606473  37261351702332418
150239475361289225  37261351702332418
150239476435031049  37261351702332418
150239477508772873  37261351702332418
185142371399570439  37261351702332418
186268272380253191  37261351702332418
186268273453995015  37261351702332418
186268274527736839  37261351702332418
186268272379204614  37261351702332418
185142371399570440  37261351702332418
186268272380253192  37261351702332418
186268273453995016  37261351702332418
186268274527736840  37261351702332418
185141271887942665  37261351702332418
186267172868625417  37261351702332418
186267173942367241  37261351702332418
186267175016109065  37261351702332418
185142371399570441  37261351702332418
186268272380253193  37261351702332418
186268273453995017  37261351702332418
186268274527736841  37261351702332418
42117899932341255  37261351702332418
42117901006083079  37261351702332418
42117902079824903  37261351702332418
42117899931292678  37261351702332418
42117899932341256  37261351702332418
42117901006083080  37261351702332418
42117902079824904  37261351702332418
42153084304430086  37261351702332418
42153085378171910  37261351702332418
42153086451913734  37261351702332418
42082715559203846  37261351702332418
42153084304462854  37261351702332418
42153085378204678  37261351702332418
42153086451946502  37261351702332418
42082715559236614  37261351702332418
42188268676518918  37261351702332418
42188269750260742  37261351702332418
42188270824002566  37261351702332418
186233086934455303  37261351702332418
186233088007148551  37261351702332418
186233086934455304  37261351702332418
186233088007148552  37261351702332418
186231987422827529  37261351702332418
186231988495520777  37261351702332418
186233086934455305  37261351702332418
186233088007148553  37261351702332418
186268272380285959  37261351702332418
186268273454027783  37261351702332418
186268274527769607  37261351702332418
186268272379237382  37261351702332418
186268272380318727  37261351702332418
186268273454060551  37261351702332418
186268274527802375  37261351702332418
186268272379270150  37261351702332418
186268272380285960  37261351702332418
186268273454027784  37261351702332418
186268274527769608  37261351702332418
186268272380318728  37261351702332418
186268273454060552  37261351702332418
186268274527802376  37261351702332418
186267172868658185  37261351702332418
186267173942400009  37261351702332418
186267175016141833  37261351702332418
186267172868690953  37261351702332418
186267173942432777  37261351702332418
186267175016174601  37261351702332418
186268272380285961  37261351702332418
186268273454027785  37261351702332418
186268274527769609  37261351702332418
186268272380318729  37261351702332418
186268273454060553  37261351702332418
186268274527802377  37261351702332418
186303456752374791  37261351702332418
186303457826116615  37261351702332418
186303458899858439  37261351702332418
186303456751326214  37261351702332418
186303456752374792  37261351702332418
186303457826116616  37261351702332418
186303458899858440  37261351702332418
186302357240747017  37261351702332418
186302358314488841  37261351702332418
186302359388230665  37261351702332418
186303456752374793  37261351702332418
186303457826116617  37261351702332418
186303458899858441  37261351702332418
252242509500255244  72093948889334787
288271306519219212  72093948889334787
252242509500256268  72093948889334787
288271306519220236  72093948889334787
252242509500255246  72093948889334787
288271306519219214  72093948889334787
252242509500256270  72093948889334787
288271306519220238  72093948889334787
252242543859993612  72093948889334787
288271340878957580  72093948889334787
252242543859994636  72093948889334787
288271340878958604  72093948889334787
252242543859993614  72093948889334787
288271340878957582  72093948889334787
252242543859994638  72093948889334787
288271340878958606  72093948889334787
252242510573997068  72093948889334787
288271307592961036  72093948889334787
252242510573998092  72093948889334787
288271307592962060  72093948889334787
252242510573997070  72093948889334787
288271307592961038  72093948889334787
252242510573998094  72093948889334787
288271307592962062  72093948889334787
252242544933735436  72093948889334787
288271341952699404  72093948889334787
252242544933736460  72093948889334787
288271341952700428  72093948889334787
252242544933735438  72093948889334787
288271341952699406  72093948889334787
252242544933736462  72093948889334787
288271341952700430  72093948889334787
36528020596921348  36136586806658049
36528021670663172  36136586806658049
36528054956626948  36136586806658049
36528054956692484  36136586806658049
36563239328748548  36136586806658049
36528056030368772  36136586806658049
36528056030434308  36136586806658049
36563240402490372  36136586806658049
36528023818114052  36136586806658049
36528023818179588  36136586806658049
36563208190235652  36136586806658049
36528092537656324  36136586806658049
36528126897394692  36136586806658049
144328501992264724  36100267456955397
144328501993313300  36100267456955397
144328503066006548  36100267456955397
144328503067055124  36100267456955397
144328503098512404  36100267456955397
144328503132066836  36100267456955397
144328503165621268  36100267456955397
144328502025819156  36100267456955397
144328502059373588  36100267456955397
144328502092928020  36100267456955397
144328502026867732  36100267456955397
144328502060422164  36100267456955397
144328502093976596  36100267456955397
144328503099560980  36100267456955397
144328503133115412  36100267456955397
144328503166669844  36100267456955397
144328503100609556  36100267456955397
144328503134163988  36100267456955397
144328503167718420  36100267456955397
180360596540527636  36100267456955397
180360596540593172  36100267456955397
180360597614269460  36100267456955397
180360597614334996  36100267456955397
180360598688011284  36100267456955397
180360598688076820  36100267456955397
144331799420900372  36100267456955397
144331800494642196  36100267456955397
144331799518417940  36100267456955397
6124286278702087  1232554716922882
4998386338305031  1232554716922882
4998386370810887  1232554716922882
6124286278800391  1232554716922882
6124287318987783  1232554716922882
6124288392729607  1232554716922882
6124287351493639  1232554716922882
6124287317939206  1232554716922882
6124286278702088  1232554716922882
4998386338305032  1232554716922882
4998386370810888  1232554716922882
6124286278800392  1232554716922882
6124287318987784  1232554716922882
6124288392729608  1232554716922882
6124287351493640  1232554716922882
6123186767074313  1232554716922882
4997286826677257  1232554716922882
4997286859183113  1232554716922882
6123186767172617  1232554716922882
6123187807360009  1232554716922882
6123188881101833  1232554716922882
6123187839865865  1232554716922882
6124286278702089  1232554716922882
4998386338305033  1232554716922882
4998386370810889  1232554716922882
6124286278800393  1232554716922882
6124287318987785  1232554716922882
6124288392729609  1232554716922882
6124287351493641  1232554716922882
6089101873189895  1232554716922882
6089101905695751  1232554716922882
6089101939250183  1232554716922882
6089102945883143  1232554716922882
6089101906678791  1232554716922882
6089101940233223  1232554716922882
6090201418306567  1232554716922882
6090201451860999  1232554716922882
6089101873189896  1232554716922882
6089101905695752  1232554716922882
6089101939250184  1232554716922882
6089102945883144  1232554716922882
6089101906678792  1232554716922882
6089101940233224  1232554716922882
6090201418306568  1232554716922882
6090201451861000  1232554716922882
6088002361562121  1232554716922882
6088002394067977  1232554716922882
6088002427622409  1232554716922882
6088003434255369  1232554716922882
6088002395051017  1232554716922882
6088002428605449  1232554716922882
6089101873189897  1232554716922882
6089101905695753  1232554716922882
6089101939250185  1232554716922882
6089102945883145  1232554716922882
6089101906678793  1232554716922882
6089101940233225  1232554716922882
6090201418306569  1232554716922882
6090201451861001  1232554716922882
6124286278833159  1232554716922882
6124287319020551  1232554716922882
6124288392762375  1232554716922882
6124287351526407  1232554716922882
6124287317971974  1232554716922882
6124286278865927  1232554716922882
6124287319053319  1232554716922882
6124288392795143  1232554716922882
6124287351559175  1232554716922882
6124287318004742  1232554716922882
6124286278833160  1232554716922882
6124287319020552  1232554716922882
6124288392762376  1232554716922882
6124287351526408  1232554716922882
6124286278865928  1232554716922882
6124287319053320  1232554716922882
6124288392795144  1232554716922882
6124287351559176  1232554716922882
6123186767205385  1232554716922882
6123187807392777  1232554716922882
6123188881134601  1232554716922882
6123187839898633  1232554716922882
6123186767238153  1232554716922882
6123187807425545  1232554716922882
6123188881167369  1232554716922882
6123187839931401  1232554716922882
6124286278833161  1232554716922882
6124287319020553  1232554716922882
6124288392762377  1232554716922882
6124287351526409  1232554716922882
6124286278865929  1232554716922882
6124287319053321  1232554716922882
6124288392795145  1232554716922882
6124287351559177  1232554716922882
6159470650921991  1232554716922882
6159471691109383  1232554716922882
6159472764851207  1232554716922882
6159471723615239  1232554716922882
6159471690060806  1232554716922882
6159470650921992  1232554716922882
6159471691109384  1232554716922882
6159472764851208  1232554716922882
6159471723615240  1232554716922882
6158371139294217  1232554716922882
6158372179481609  1232554716922882
6158373253223433  1232554716922882
6158372211987465  1232554716922882
6159470650921993  1232554716922882
6159471691109385  1232554716922882
6159472764851209  1232554716922882
6159471723615241  1232554716922882
6124287285433350  1232554683368450
6124288359175174  1232554683368450
6124289432916998  1232554683368450
6053918540207110  1232554683368450
6089102913377287  1232554683368450
6089103987119111  1232554683368450
6089105060860935  1232554683368450
6089102912328710  1232554683368450
6089102913377288  1232554683368450
6089103987119112  1232554683368450
6089105060860936  1232554683368450
6088003401749513  1232554683368450
6088004475491337  1232554683368450
6088005549233161  1232554683368450
6089102913377289  1232554683368450
6089103987119113  1232554683368450
6089105060860937  1232554683368450
6124287285466118  1232554683368450
6124288359207942  1232554683368450
6124289432949766  1232554683368450
6053918540239878  1232554683368450
6124287285498886  1232554683368450
6124288359240710  1232554683368450
6124289432982534  1232554683368450
6053918540272646  1232554683368450
6159471657554950  1232554683368450
6159472731296774  1232554683368450
6159473805038598  1232554683368450
