41803674016713831  37191050704487458
41803674016714855  37191050704487458
77831371524051047  37191050704487458
77831371525099623  37191050704487458
77832472109419623  37191050704487458
77832472109420647  37191050704487458
41801474993459335  37191050704487458
41803674016713863  37191050704487458
41803674016714887  37191050704487458
77831371524051079  37191050704487458
41801474994507911  37191050704487458
77831371525099655  37191050704487458
77830273086165127  37191050704487458
77832472109419655  37191050704487458
77832472109420679  37191050704487458
77830273087213703  37191050704487458
41803639656975464  37191050704487458
41803639656976488  37191050704487458
77831337164312680  37191050704487458
77831337165361256  37191050704487458
41803674016713832  37191050704487458
41803674016714856  37191050704487458
77831371524051048  37191050704487458
77831371525099624  37191050704487458
77832437749681256  37191050704487458
77832437749682280  37191050704487458
77831338238054505  37191050704487458
77831338239103081  37191050704487458
77832472109419624  37191050704487458
77832472109420648  37191050704487458
41801440633720968  37191050704487458
41803639656975496  37191050704487458
41803639656976520  37191050704487458
77831337164312712  37191050704487458
41801440634769544  37191050704487458
77831337165361288  37191050704487458
41801474993459336  37191050704487458
41803674016713864  37191050704487458
41803674016714888  37191050704487458
77831371524051080  37191050704487458
41801474994507912  37191050704487458
77831371525099656  37191050704487458
77830238726426760  37191050704487458
77832437749681288  37191050704487458
77832437749682312  37191050704487458
77831338238054537  37191050704487458
77830238727475336  37191050704487458
77831338239103113  37191050704487458
77830273086165128  37191050704487458
77832472109419656  37191050704487458
77832472109420680  37191050704487458
77830273087213704  37191050704487458
77832472109419625  37191050704487458
77832472109420649  37191050704487458
77831371524051049  37191050704487458
77831371525099625  37191050704487458
77830273086165129  37191050704487458
77832472109419657  37191050704487458
77832472109420681  37191050704487458
77831371524051081  37191050704487458
77829173574537353  37191050704487458
77830273087213705  37191050704487458
77831371525099657  37191050704487458
77829173575585929  37191050704487458
77832473183161447  37191050704487458
77832473183162471  37191050704487458
77830274159906951  37191050704487458
77832473183161479  37191050704487458
77832473183162503  37191050704487458
77830274160955527  37191050704487458
77832438823423080  37191050704487458
77832438823424104  37191050704487458
77831339311796329  37191050704487458
77831339312844905  37191050704487458
77832473183161448  37191050704487458
77832473183162472  37191050704487458
77830239800168584  37191050704487458
77832438823423112  37191050704487458
77832438823424136  37191050704487458
77831339311796361  37191050704487458
77830239801217160  37191050704487458
77831339312844937  37191050704487458
77830274159906952  37191050704487458
77832473183161480  37191050704487458
77832473183162504  37191050704487458
77830274160955528  37191050704487458
77832473183161449  37191050704487458
77832473183162473  37191050704487458
77830274159906953  37191050704487458
77832473183161481  37191050704487458
77832473183162505  37191050704487458
77829174648279177  37191050704487458
77830274160955529  37191050704487458
77829174649327753  37191050704487458
77830275234697351  37191050704487458
77831340386586729  37191050704487458
77830240874958984  37191050704487458
77831340386586761  37191050704487458
77830275234697352  37191050704487458
77830275234697353  37191050704487458
77829175723069577  37191050704487458
41803679385424999  37191051778229282
41802579873796199  37191051778229282
41802579874844775  37191051778229282
41803680459164775  37191051778229282
41803680459165799  37191051778229282
77831377966501991  37191051778229282
77831377967550567  37191051778229282
41801480362169479  37191051778229282
41803679385425031  37191051778229282
41802579873796231  37191051778229282
41801480363218055  37191051778229282
41802579874844807  37191051778229282
41801481435910279  37191051778229282
41803680459164807  37191051778229282
41803680459165831  37191051778229282
77831377966502023  37191051778229282
41801481436958855  37191051778229282
77831377967550599  37191051778229282
41803645025686632  37191051778229282
41802545514057832  37191051778229282
41802545515106408  37191051778229282
41803679385425000  37191051778229282
41802579873796200  37191051778229282
41802579874844776  37191051778229282
41803646099426408  37191051778229282
41803646099427432  37191051778229282
77831343606763624  37191051778229282
77831343607812200  37191051778229282
41803680459164776  37191051778229282
41803680459165800  37191051778229282
77831377966501992  37191051778229282
77831377967550568  37191051778229282
41801446002431112  37191051778229282
41803645025686664  37191051778229282
41802545514057864  37191051778229282
41801446003479688  37191051778229282
41802545515106440  37191051778229282
41801480362169480  37191051778229282
41803679385425032  37191051778229282
41802579873796232  37191051778229282
41801480363218056  37191051778229282
41802579874844808  37191051778229282
41801447076171912  37191051778229282
41803646099426440  37191051778229282
41803646099427464  37191051778229282
77831343606763656  37191051778229282
41801447077220488  37191051778229282
77831343607812232  37191051778229282
41801481435910280  37191051778229282
41803680459164808  37191051778229282
41803680459165832  37191051778229282
77831377966502024  37191051778229282
41801481436958856  37191051778229282
77831377967550600  37191051778229282
77832477478128742  37191051778229282
77832477478129766  37191051778229282
77831377966501993  37191051778229282
77831377967550569  37191051778229282
77830278454874246  37191051778229282
77832477478128774  37191051778229282
77832477478129798  37191051778229282
77831377966502025  37191051778229282
77830278455922822  37191051778229282
77831377967550601  37191051778229282
77831379041292391  37191051778229282
41801482510700679  37191051778229282
77831379041292423  37191051778229282
77831344681554024  37191051778229282
77831379041292392  37191051778229282
41801448150962312  37191051778229282
77831344681554056  37191051778229282
41801482510700680  37191051778229282
77831379041292424  37191051778229282
77831379041292393  37191051778229282
77830279529664646  37191051778229282
77831379041292425  37191051778229282
254810761431549957  73290183181665281
290839558450513925  73290183181665281
255936661338392581  73290183181665281
291965458357356549  73290183181665281
217761617588455427  73290183181665281
253790414607419395  73290183181665281
289819211626383363  73290183181665281
218887517495298051  73290183181665281
254916314514262019  73290183181665281
290945111533225987  73290183181665281
220013417402140675  73290183181665281
256042214421104643  73290183181665281
292071011440068611  73290183181665281
221139317342537731  73290183181665281
257168114361501699  73290183181665281
293196911380465667  73290183181665281
218887517495298052  73290183181665281
254916314514262020  73290183181665281
290945111533225988  73290183181665281
220013417402140676  73290183181665281
256042214421104644  73290183181665281
292071011440068612  73290183181665281
221139317342537732  73290183181665281
257168114361501700  73290183181665281
293196911380465668  73290183181665281
254916314547816453  73290183181665281
290945111566780421  73290183181665281
256042214454659077  73290183181665281
292071011473623045  73290183181665281
257203298733590533  73290183181665281
293232095752554501  73290183181665281
254881130175727621  73290183181665281
290909927194691589  73290183181665281
256007030082570245  73290183181665281
292035827101534213  73290183181665281
257132929989445637  73290183181665281
257238483105679365  73290183181665281
293161727008409605  73290183181665281
293267280124643333  73290183181665281
254881130175728645  73290183181665281
290909927194692613  73290183181665281
256007030082571269  73290183181665281
292035827101535237  73290183181665281
257132929989446661  73290183181665281
293161727008410629  73290183181665281
257132929989447685  73290183181665281
293161727008411653  73290183181665281
254881164535499781  73290183181665281
254881164535532549  73290183181665281
290909961554463749  73290183181665281
290909961554496517  73290183181665281
256007064442342405  73290183181665281
292035861461306373  73290183181665281
257132965422926853  73290183181665281
293161762441890821  73290183181665281
257132965422927877  73290183181665281
293161762441891845  73290183181665281
77832435602197609  37191049630745634
77832435602198633  37191049630745634
77830236578943113  37191049630745634
77832435602197641  37191049630745634
77832435602198665  37191049630745634
77829137067315337  37191049630745634
77830236579991689  37191049630745634
77829137068363913  37191049630745634
77829171427052681  37191049630745634
77829171428101257  37191049630745634
254634804976618610  73219780010673188
254633705465023602  73219780010673188
290663601995582578  73219780010673188
290662502483987570  73219780010673188
255760704883460210  73219780010673188
256886604790302834  73219780010673188
291789501902424178  73219780010673188
292915401809266802  73219780010673188
255760704883461202  73219780010673188
256886604790303826  73219780010673188
291789501902425170  73219780010673188
292915401809267794  73219780010673188
255760704883460242  73219780010673188
256886604790302866  73219780010673188
256886604790304850  73219780010673188
291789501902424210  73219780010673188
291789501902424242  73219780010673188
292915401809266834  73219780010673188
292915401809266866  73219780010673188
292915401809268818  73219780010673188
288271302191746220  72093947816641571
288271302191747244  72093947816641571
288271302191746222  72093947816641571
288271302191747246  72093947816641571
288271301151558828  72093947816641571
288271301151559852  72093947816641571
288271301151558830  72093947816641571
288271301151559854  72093947816641571
288271300077817006  72093947816641571
288271300077818030  72093947816641571
324300103505677484  72093948890383395
324300103505678508  72093948890383395
324300103505677486  72093948890383395
324300103505678510  72093948890383395
288271305412971694  72093948890383395
288271305412972718  72093948890383395
72103200291982405  36066286750434337
72103201365724229  36066286750434337
72103203513207877  36066286750434337
72103200325536837  36066286750434337
72103201399278661  36066286750434337
72103203546762309  36066286750434337
72102100914573381  36066286783988769
72102101988315205  36066286783988769
72102104135798853  36066286783988769
72102100948127813  36066286783988769
72102102021869637  36066286783988769
72102104169353285  36066286783988769
72103202607238213  36066286783988769
72103204754721861  36066286783988769
72103200459755589  36066286783988769
72103201533497413  36066286783988769
72103203680981061  36066286783988769
72103200459721797  36066286783988769
72103201533463621  36066286783988769
72103203680947269  36066286783988769
108131997478685765  36066286783988769
108131998552427589  36066286783988769
108132000699911237  36066286783988769
36148895512958087  36067351968384034
36184079885046919  36067351968384034
36148895378740359  36067351968384034
36148895412294791  36067351968384034
36148895546512519  36067351968384034
36184079750829191  36067351968384034
36184079784383623  36067351968384034
36184079918601351  36067351968384034
36148895479403656  36067351968384034
36184079851492488  36067351968384034
36184079851491463  36067351968384034
72209581557846153  36067351968384034
72209582631587977  36067351968384034
72209583705329801  36067351968384034
144161441727221921  36067315395167265
180190238746185889  36067315395167265
144161441760776353  36067315395167265
180190238779740321  36067315395167265
144161441794331809  36067315395167265
180190238813295777  36067315395167265
180190238813327521  36067315395167265
144161441728270497  36067315395167265
180190238747234465  36067315395167265
144161441761824929  36067315395167265
180190238780788897  36067315395167265
144161441795380385  36067315395167265
180190238814344353  36067315395167265
180190238814376097  36067315395167265
108135943245238434  36067315395167265
108135943278792866  36067315395167265
144161441827886241  36067315395167265
144161441828934817  36067315395167265
144161441894994081  36067315428721697
180190238913958049  36067315428721697
144161441928548513  36067315428721697
180190238947512481  36067315428721697
144161441962103969  36067315428721697
144161441896042657  36067315428721697
180190238915006625  36067315428721697
144161441929597089  36067315428721697
180190238948561057  36067315428721697
144161441963152545  36067315428721697
108135943413010594  36067315428721697
108135943446565026  36067315428721697
36150953540490470  36067316467795010
36186137912579302  36067316467795010
36150953540490502  36067316467795010
36186137912579334  36067316467795010
36150953540490471  36067316467795010
36186137912579303  36067316467795010
36150953540490503  36067316467795010
36186137912579335  36067316467795010
36150953540490472  36067316467795010
36186137912579304  36067316467795010
36150953540490504  36067316467795010
36186137912579336  36067316467795010
36151086684476678  36067349753791554
36186271056565510  36067349753791554
36151086684476679  36067349753791554
36186271056565511  36067349753791554
36151086684476680  36067349753791554
36186271056565512  36067349753791554
36151090979443974  36067350827533378
36186275351532806  36067350827533378
36151090979443975  36067350827533378
36186275351532807  36067350827533378
36151090979443976  36067350827533378
36186275351532808  36067350827533378
614112480226052099  145347779332441089
579209583113930755  145347779332441089
579209583113930756  145347779332441089
41027183390823431  37261351735886850
42153084371506183  37261351735886850
42153085445248007  37261351735886850
42153086518989831  37261351735886850
42153084337951750  37261351735886850
42153085411693574  37261351735886850
42153084370457606  37261351735886850
42082715592725510  37261351735886850
41027183390823432  37261351735886850
42153084371506184  37261351735886850
42153085445248008  37261351735886850
42153086518989832  37261351735886850
150239474354557959  37261351735886850
149113574414160903  37261351735886850
149113574446666759  37261351735886850
150239474354656263  37261351735886850
150239475394843655  37261351735886850
150239476468585479  37261351735886850
150239475427349511  37261351735886850
150239475393795078  37261351735886850
150239474354557960  37261351735886850
149113574414160904  37261351735886850
149113574446666760  37261351735886850
150239474354656264  37261351735886850
150239475394843656  37261351735886850
150239476468585480  37261351735886850
150239475427349512  37261351735886850
150238374842930185  37261351735886850
149112474902533129  37261351735886850
149112474935038985  37261351735886850
150238374843028489  37261351735886850
150238375883215881  37261351735886850
150238376956957705  37261351735886850
150238375915721737  37261351735886850
150239474354557961  37261351735886850
149113574414160905  37261351735886850
149113574446666761  37261351735886850
150239474354656265  37261351735886850
150239475394843657  37261351735886850
150239476468585481  37261351735886850
150239475427349513  37261351735886850
186268271373521927  37261351735886850
185142371433124871  37261351735886850
185142371465630727  37261351735886850
186268271373620231  37261351735886850
186268272413807623  37261351735886850
186268273487549447  37261351735886850
186268272446313479  37261351735886850
186268272412759046  37261351735886850
186268271373521928  37261351735886850
185142371433124872  37261351735886850
185142371465630728  37261351735886850
186268271373620232  37261351735886850
186268272413807624  37261351735886850
186268273487549448  37261351735886850
186268272446313480  37261351735886850
186267171861894153  37261351735886850
185141271921497097  37261351735886850
185141271954002953  37261351735886850
186267171861992457  37261351735886850
186267172902179849  37261351735886850
186267173975921673  37261351735886850
186267172934685705  37261351735886850
186268271373521929  37261351735886850
185142371433124873  37261351735886850
185142371465630729  37261351735886850
186268271373620233  37261351735886850
186268272413807625  37261351735886850
186268273487549449  37261351735886850
186268272446313481  37261351735886850
42117898925708295  37261351735886850
42117898959262727  37261351735886850
42117899965895687  37261351735886850
42117901039637511  37261351735886850
42117899998401543  37261351735886850
42117900031955975  37261351735886850
42117899964847110  37261351735886850
42117898925708296  37261351735886850
42117898959262728  37261351735886850
42117899965895688  37261351735886850
42117901039637512  37261351735886850
42117899998401544  37261351735886850
42117900031955976  37261351735886850
42153084371538951  37261351735886850
42153085445280775  37261351735886850
42153086519022599  37261351735886850
42153084337984518  37261351735886850
42153085411726342  37261351735886850
42153084370490374  37261351735886850
42082715592758278  37261351735886850
42153084371571719  37261351735886850
42153085445313543  37261351735886850
42153086519055367  37261351735886850
42153084338017286  37261351735886850
42153085411759110  37261351735886850
42153084370523142  37261351735886850
42082715592791046  37261351735886850
42153084371538952  37261351735886850
42153085445280776  37261351735886850
42153086519022600  37261351735886850
42153084371571720  37261351735886850
42153085445313544  37261351735886850
42153086519055368  37261351735886850
42188268743627783  37261351735886850
42188269817369607  37261351735886850
42188270891111431  37261351735886850
42188268710073350  37261351735886850
42188269783815174  37261351735886850
42188268742579206  37261351735886850
42188268743627784  37261351735886850
42188269817369608  37261351735886850
42188270891111432  37261351735886850
186233086968009735  37261351735886850
186233087000515591  37261351735886850
186233087034070023  37261351735886850
186233088040702983  37261351735886850
186233087001498631  37261351735886850
186233087035053063  37261351735886850
186234186513126407  37261351735886850
186234186546680839  37261351735886850
186233086968009736  37261351735886850
186233087000515592  37261351735886850
186233087034070024  37261351735886850
186233088040702984  37261351735886850
186233087001498632  37261351735886850
186233087035053064  37261351735886850
186234186513126408  37261351735886850
186234186546680840  37261351735886850
186231987456381961  37261351735886850
186231987488887817  37261351735886850
186231987522442249  37261351735886850
186231988529075209  37261351735886850
186231987489870857  37261351735886850
186231987523425289  37261351735886850
186233086968009737  37261351735886850
186233087000515593  37261351735886850
186233087034070025  37261351735886850
186233088040702985  37261351735886850
186233087001498633  37261351735886850
186233087035053065  37261351735886850
186234186513126409  37261351735886850
186234186546680841  37261351735886850
186268271373652999  37261351735886850
186268272413840391  37261351735886850
186268273487582215  37261351735886850
186268272446346247  37261351735886850
186268272412791814  37261351735886850
186268271373685767  37261351735886850
186268272413873159  37261351735886850
186268273487614983  37261351735886850
186268272446379015  37261351735886850
186268272412824582  37261351735886850
186268271373653000  37261351735886850
186268272413840392  37261351735886850
186268273487582216  37261351735886850
186268272446346248  37261351735886850
186268271373685768  37261351735886850
186268272413873160  37261351735886850
186268273487614984  37261351735886850
186268272446379016  37261351735886850
186267171862025225  37261351735886850
186267172902212617  37261351735886850
186267173975954441  37261351735886850
186267172934718473  37261351735886850
186267171862057993  37261351735886850
186267172902245385  37261351735886850
186267173975987209  37261351735886850
186267172934751241  37261351735886850
186268271373653001  37261351735886850
186268272413840393  37261351735886850
186268273487582217  37261351735886850
186268272446346249  37261351735886850
186268271373685769  37261351735886850
186268272413873161  37261351735886850
186268273487614985  37261351735886850
186268272446379017  37261351735886850
186303455745741831  37261351735886850
186303456785929223  37261351735886850
186303457859671047  37261351735886850
186303456818435079  37261351735886850
186303456784880646  37261351735886850
186303455745741832  37261351735886850
186303456785929224  37261351735886850
186303457859671048  37261351735886850
186303456818435080  37261351735886850
186302356234114057  37261351735886850
186302357274301449  37261351735886850
186302358348043273  37261351735886850
186302357306807305  37261351735886850
186303455745741833  37261351735886850
186303456785929225  37261351735886850
186303457859671049  37261351735886850
186303456818435081  37261351735886850
72132402239342607  36065117545268227
108161199259355151  36065117545268227
108161199224752143  36065117545268227
144189996243716111  36065117545268227
72133502792271887  36065117545268227
72133502791256079  36065117545268227
72168687163344911  36065117545268227
72133503866013711  36065117545268227
72133503864997903  36065117545268227
72168688237086735  36065117545268227
72133501717481487  36065117545268227
108162298737494031  36065117545268227
108162298736347151  36065117545268227
144191095755311119  36065117545268227
108162298736379919  36065117545268227
144191095755343887  36065117545268227
72133502791288847  36065117545268227
72133503865030671  36065117545268227
180218793229158415  36065117545268227
72132402340005903  36065117578822659
108161199360018447  36065117578822659
108161199325415439  36065117578822659
144189996344379407  36065117578822659
180218793329821711  36065117578822659
252242509501303820  72093948890383363
288271306520267788  72093948890383363
252242509501304844  72093948890383363
288271306520268812  72093948890383363
252242509501303822  72093948890383363
288271306520267790  72093948890383363
252242509501304846  72093948890383363
288271306520268814  72093948890383363
144341799547442178  36102500907025409
144341797399958530  36102500907025409
144341833907180546  36102500907025409
144341831759696898  36102500907025409
288271302224252076  72093947815592995
288271302224253100  72093947815592995
288271302224252078  72093947815592995
288271302224253102  72093947815592995
288271336583990444  72093947815592995
288271336583991468  72093947815592995
288271336583990446  72093947815592995
288271336583991470  72093947815592995
288271303297993900  72093947815592995
288271303297994924  72093947815592995
288271303297993902  72093947815592995
288271303297994926  72093947815592995
288271337657732268  72093947815592995
288271337657733292  72093947815592995
288271337657732270  72093947815592995
288271337657733294  72093947815592995
288271306485664940  72093948889334819
288271306485665964  72093948889334819
288271306485664942  72093948889334819
288271306485665966  72093948889334819
288271340845403308  72093948889334819
288271340845404332  72093948889334819
288271340845403310  72093948889334819
288271340845404334  72093948889334819
288271307559406764  72093948889334819
288271307559407788  72093948889334819
288271307559406766  72093948889334819
288271307559407790  72093948889334819
288271341919145132  72093948889334819
288271341919146156  72093948889334819
288271341919145134  72093948889334819
288271341919146158  72093948889334819
288271305445477550  72093948889334819
288271305445478574  72093948889334819
288271339805215918  72093948889334819
288271339805216942  72093948889334819
144196626032202913  36067315361612833
180190238679110817  36067315361612833
180225423051166881  36067315361612833
144196626033251489  36067315361612833
180190238680159393  36067315361612833
180225423052215457  36067315361612833
36558768269464711  36135451862533154
36558768268448903  36135451862533154
36558768269464712  36135451862533154
36558768268448904  36135451862533154
42082715560219654  37261351702332418
42082716633961478  37261351702332418
42082717707703302  37261351702332418
42082715559170054  37261351702332418
150239475361289222  37261351702332418
150239476435031046  37261351702332418
150239477508772870  37261351702332418
150169106616062982  37261351702332418
186268272380253190  37261351702332418
186268273453995014  37261351702332418
186268274527736838  37261351702332418
186197903635026950  37261351702332418
42117899932341254  37261351702332418
42117901006083078  37261351702332418
42117902079824902  37261351702332418
42047531187115014  37261351702332418
42082715560252422  37261351702332418
42082716633994246  37261351702332418
42082717707736070  37261351702332418
42082715559202822  37261351702332418
42012346815026182  37261351702332418
42082715560285190  37261351702332418
42082716634027014  37261351702332418
42082717707768838  37261351702332418
42082715559235590  37261351702332418
186233088008197127  37261351702332418
186233089081938951  37261351702332418
186233090155680775  37261351702332418
186233088007148550  37261351702332418
186233088008197128  37261351702332418
186233089081938952  37261351702332418
186233090155680776  37261351702332418
186231988496569353  37261351702332418
186231989570311177  37261351702332418
186231990644053001  37261351702332418
186233088008197129  37261351702332418
186233089081938953  37261351702332418
186233090155680777  37261351702332418
186268272380285958  37261351702332418
186268273454027782  37261351702332418
186268274527769606  37261351702332418
186197903635059718  37261351702332418
186268272380318726  37261351702332418
186268273454060550  37261351702332418
186268274527802374  37261351702332418
186197903635092486  37261351702332418
186303456752374790  37261351702332418
186303457826116614  37261351702332418
186303458899858438  37261351702332418
36528020596888580  36136586806658049
36528020596954116  36136586806658049
36563204969010180  36136586806658049
36528021670630404  36136586806658049
36528021670695940  36136586806658049
36563206042752004  36136586806658049
36528089316430852  36136586806658049
36528123676169220  36136586806658049
36528090390172676  36136586806658049
36528124749911044  36136586806658049
144331799521563668  36100267456955397
144331800595305492  36100267456955397
144331801669047316  36100267456955397
144331799551972372  36100267456955397
4998386371859463  1232554716922882
6124287352542215  1232554716922882
6124288426284039  1232554716922882
6124289500025863  1232554716922882
6124287318987782  1232554716922882
6124288392729606  1232554716922882
6124287351493638  1232554716922882
6053918573761542  1232554716922882
4998386371859464  1232554716922882
6124287352542216  1232554716922882
6124288426284040  1232554716922882
6124289500025864  1232554716922882
4997286860231689  1232554716922882
6123187840914441  1232554716922882
6123188914656265  1232554716922882
6123189988398089  1232554716922882
4998386371859465  1232554716922882
6124287352542217  1232554716922882
6124288426284041  1232554716922882
6124289500025865  1232554716922882
6089101906744327  1232554716922882
6089101940298759  1232554716922882
6089102946931719  1232554716922882
6089104020673543  1232554716922882
6089102979437575  1232554716922882
6089103012992007  1232554716922882
6089102945883142  1232554716922882
6089101906744328  1232554716922882
6089101940298760  1232554716922882
6089102946931720  1232554716922882
6089104020673544  1232554716922882
6089102979437576  1232554716922882
6089103012992008  1232554716922882
6088002395116553  1232554716922882
6088002428670985  1232554716922882
6088003435303945  1232554716922882
6088004509045769  1232554716922882
6088003467809801  1232554716922882
6088003501364233  1232554716922882
6089101906744329  1232554716922882
6089101940298761  1232554716922882
6089102946931721  1232554716922882
6089104020673545  1232554716922882
6089102979437577  1232554716922882
6089103012992009  1232554716922882
6124287352574983  1232554716922882
6124288426316807  1232554716922882
6124289500058631  1232554716922882
6124287319020550  1232554716922882
6124288392762374  1232554716922882
6124287351526406  1232554716922882
6053918573794310  1232554716922882
6124287352607751  1232554716922882
6124288426349575  1232554716922882
6124289500091399  1232554716922882
6124287319053318  1232554716922882
6124288392795142  1232554716922882
6124287351559174  1232554716922882
6053918573827078  1232554716922882
6124287352574984  1232554716922882
6124288426316808  1232554716922882
6124289500058632  1232554716922882
6124287352607752  1232554716922882
6124288426349576  1232554716922882
6124289500091400  1232554716922882
6123187840947209  1232554716922882
6123188914689033  1232554716922882
6123189988430857  1232554716922882
6123187840979977  1232554716922882
6123188914721801  1232554716922882
6123189988463625  1232554716922882
6124287352574985  1232554716922882
6124288426316809  1232554716922882
6124289500058633  1232554716922882
6124287352607753  1232554716922882
6124288426349577  1232554716922882
6124289500091401  1232554716922882
6159471724663815  1232554716922882
6159472798405639  1232554716922882
6159473872147463  1232554716922882
6159471691109382  1232554716922882
6159472764851206  1232554716922882
6159471723615238  1232554716922882
6159471724663816  1232554716922882
6159472798405640  1232554716922882
6159473872147464  1232554716922882
6158372213036041  1232554716922882
6158373286777865  1232554716922882
6158374360519689  1232554716922882
6159471724663817  1232554716922882
6159472798405641  1232554716922882
6159473872147465  1232554716922882
6053918541255686  1232554683368450
6053919614997510  1232554683368450
6053920688739334  1232554683368450
6053918540206086  1232554683368450
6089102913377286  1232554683368450
6089103987119110  1232554683368450
6089105060860934  1232554683368450
6018734168151046  1232554683368450
6053918541288454  1232554683368450
6053919615030278  1232554683368450
6053920688772102  1232554683368450
6053918540238854  1232554683368450
5983549796062214  1232554683368450
6053918541321222  1232554683368450
6053919615063046  1232554683368450
6053920688804870  1232554683368450
6053918540271622  1232554683368450
