77832471035677799  37191050704487458
77832471035678823  37191050704487458
77830272012423303  37191050704487458
77832471035677831  37191050704487458
77832471035678855  37191050704487458
77830272013471879  37191050704487458
77832436675939432  37191050704487458
77832436675940456  37191050704487458
77831337164312681  37191050704487458
77831337165361257  37191050704487458
77832471035677800  37191050704487458
77832471035678824  37191050704487458
77832437749681257  37191050704487458
77832437749682281  37191050704487458
77830237652684936  37191050704487458
77832436675939464  37191050704487458
77832436675940488  37191050704487458
77831337164312713  37191050704487458
77830237653733512  37191050704487458
77831337165361289  37191050704487458
77830272012423304  37191050704487458
77832471035677832  37191050704487458
77832471035678856  37191050704487458
77830272013471880  37191050704487458
77830238726426761  37191050704487458
77832437749681289  37191050704487458
77832437749682313  37191050704487458
77829139214798985  37191050704487458
77830238727475337  37191050704487458
77829139215847561  37191050704487458
77832471035677801  37191050704487458
77832471035678825  37191050704487458
77830272012423305  37191050704487458
77832471035677833  37191050704487458
77832471035678857  37191050704487458
77829172500795529  37191050704487458
77829173574536329  37191050704487458
77830272013471881  37191050704487458
77829172501844105  37191050704487458
77829173575584905  37191050704487458
77832438823423081  37191050704487458
77832438823424105  37191050704487458
77830239800168585  37191050704487458
77832438823423113  37191050704487458
77832438823424137  37191050704487458
77829140288540809  37191050704487458
77830239801217161  37191050704487458
77829140289589385  37191050704487458
77829174648278153  37191050704487458
77829174649326729  37191050704487458
77830240874958985  37191050704487458
77829141363331209  37191050704487458
77829175723068553  37191050704487458
41803679385422951  37191051778229282
41803679385423975  37191051778229282
77831376892760167  37191051778229282
77831376893808743  37191051778229282
77832477478128743  37191051778229282
77832477478129767  37191051778229282
41801480362168455  37191051778229282
41803679385422983  37191051778229282
41803679385424007  37191051778229282
77831376892760199  37191051778229282
41801480363217031  37191051778229282
77831376893808775  37191051778229282
77830278454874247  37191051778229282
77832477478128775  37191051778229282
77832477478129799  37191051778229282
77830278455922823  37191051778229282
41803645025684584  37191051778229282
41803645025685608  37191051778229282
77831342533021800  37191051778229282
77831342534070376  37191051778229282
41803679385422952  37191051778229282
41803679385423976  37191051778229282
77831376892760168  37191051778229282
77831376893808744  37191051778229282
77832443118390376  37191051778229282
77832443118391400  37191051778229282
77831343606763625  37191051778229282
77831343607812201  37191051778229282
77832477478128744  37191051778229282
77832477478129768  37191051778229282
41801446002430088  37191051778229282
41803645025684616  37191051778229282
41803645025685640  37191051778229282
77831342533021832  37191051778229282
41801446003478664  37191051778229282
77831342534070408  37191051778229282
41801480362168456  37191051778229282
41803679385422984  37191051778229282
41803679385424008  37191051778229282
77831376892760200  37191051778229282
41801480363217032  37191051778229282
77831376893808776  37191051778229282
77830244095135880  37191051778229282
77832443118390408  37191051778229282
77832443118391432  37191051778229282
77831343606763657  37191051778229282
77830244096184456  37191051778229282
77831343607812233  37191051778229282
77830278454874248  37191051778229282
77832477478128776  37191051778229282
77832477478129800  37191051778229282
77830278455922824  37191051778229282
77832477478128745  37191051778229282
77832477478129769  37191051778229282
77831376892760169  37191051778229282
77831376893808745  37191051778229282
77830278454874249  37191051778229282
77832477478128777  37191051778229282
77832477478129801  37191051778229282
77831376892760201  37191051778229282
77829178943246473  37191051778229282
77830278455922825  37191051778229282
77831376893808777  37191051778229282
77829178944295049  37191051778229282
77830279529664647  37191051778229282
77831344681554025  37191051778229282
77830245169926280  37191051778229282
77831344681554057  37191051778229282
77830279529664648  37191051778229282
77830279529664649  37191051778229282
77829180018036873  37191051778229282
217761617622009859  73290183181665281
253790414640973827  73290183181665281
289819211659937795  73290183181665281
218887517528852483  73290183181665281
254916314547816451  73290183181665281
290945111566780419  73290183181665281
220013417435695107  73290183181665281
256042214454659075  73290183181665281
292071011473623043  73290183181665281
221174501714626563  73290183181665281
257203298733590531  73290183181665281
293232095752554499  73290183181665281
218887517528852484  73290183181665281
254916314547816452  73290183181665281
290945111566780420  73290183181665281
220013417435695108  73290183181665281
256042214454659076  73290183181665281
292071011473623044  73290183181665281
221174501714626564  73290183181665281
257203298733590532  73290183181665281
293232095752554500  73290183181665281
254951498919905285  73290183181665281
290980295938869253  73290183181665281
256077398826747909  73290183181665281
292106195845711877  73290183181665281
257203298733623301  73290183181665281
293232095752587269  73290183181665281
254881130175760389  73290183181665281
254881130175793157  73290183181665281
254986683291994117  73290183181665281
290909927194724357  73290183181665281
290909927194757125  73290183181665281
291015480310958085  73290183181665281
256007030082603013  73290183181665281
256112583198836741  73290183181665281
292035827101566981  73290183181665281
292141380217800709  73290183181665281
257132931063187461  73290183181665281
257238483105679363  73290183181665281
257238483105679364  73290183181665281
293161728082151429  73290183181665281
293267280124643331  73290183181665281
293267280124643332  73290183181665281
254881130175761413  73290183181665281
254881130175794181  73290183181665281
290909927194725381  73290183181665281
290909927194758149  73290183181665281
256007030082604037  73290183181665281
292035827101568005  73290183181665281
257132931063188485  73290183181665281
293161728082152453  73290183181665281
257132931063189509  73290183181665281
293161728082153477  73290183181665281
254881165609241605  73290183181665281
254881165609274373  73290183181665281
254881198895270917  73290183181665281
290909962628205573  73290183181665281
290909962628238341  73290183181665281
290909995914234885  73290183181665281
256007065516084229  73290183181665281
292035862535048197  73290183181665281
77829137067314313  37191049630745634
77829137068362889  37191049630745634
255760704883461234  73219780010673188
256886604790303858  73219780010673188
291789501902425202  73219780010673188
292915401809267826  73219780010673188
256886604790304882  73219780010673188
292915401809268850  73219780010673188
255760704883461266  73219780010673188
256886604790303890  73219780010673188
291789501902425234  73219780010673188
291789501902425266  73219780010673188
292915401809267858  73219780010673188
292915401809267890  73219780010673188
256886604790304914  73219780010673188
292915401809268882  73219780010673188
292915401809268914  73219780010673188
288271302225300652  72093947816641571
288271302225301676  72093947816641571
288271302225300654  72093947816641571
288271302225301678  72093947816641571
288271306486713516  72093948890383395
288271306486714540  72093948890383395
288271306486713518  72093948890383395
288271306486714542  72093948890383395
288271305446526126  72093948890383395
288271305446527150  72093948890383395
72103200459754565  36066286783988769
72103201533496389  36066286783988769
72103203680980037  36066286783988769
36148895479403655  36067351968384034
36184079851492487  36067351968384034
144161441727222945  36067315395167265
180190238746186913  36067315395167265
180190238746218657  36067315395167265
144161441760777377  36067315395167265
180190238779741345  36067315395167265
180190238779773089  36067315395167265
144196626166420641  36067315395167265
180190238813328545  36067315395167265
180225423185384609  36067315395167265
144161441728271521  36067315395167265
180190238747235489  36067315395167265
180190238747267233  36067315395167265
144161441761825953  36067315395167265
180190238780789921  36067315395167265
180190238780821665  36067315395167265
144196626167469217  36067315395167265
180190238814377121  36067315395167265
180225423186433185  36067315395167265
144196626199975073  36067315395167265
144196626201023649  36067315395167265
144161441894995105  36067315428721697
180190238913959073  36067315428721697
180190238913990817  36067315428721697
144161441928549537  36067315428721697
180190238947513505  36067315428721697
180190238947545249  36067315428721697
144196626334192801  36067315428721697
144161441896043681  36067315428721697
180190238915007649  36067315428721697
180190238915039393  36067315428721697
144161441929598113  36067315428721697
180190238948562081  36067315428721697
180190238948593825  36067315428721697
144196626335241377  36067315428721697
578083683207088131  145347779332441089
42153084371506182  37261351735886850
42153085445248006  37261351735886850
42153086518989830  37261351735886850
42082715593774086  37261351735886850
42082716667515910  37261351735886850
42082715626279942  37261351735886850
42082715592724486  37261351735886850
149113574447715335  37261351735886850
150239475428398087  37261351735886850
150239476502139911  37261351735886850
150239477575881735  37261351735886850
150239475394843654  37261351735886850
150239476468585478  37261351735886850
150239475427349510  37261351735886850
150169106649617414  37261351735886850
149113574447715336  37261351735886850
150239475428398088  37261351735886850
150239476502139912  37261351735886850
150239477575881736  37261351735886850
149112474936087561  37261351735886850
150238375916770313  37261351735886850
150238376990512137  37261351735886850
150238378064253961  37261351735886850
149113574447715337  37261351735886850
150239475428398089  37261351735886850
150239476502139913  37261351735886850
150239477575881737  37261351735886850
185142371466679303  37261351735886850
186268272447362055  37261351735886850
186268273521103879  37261351735886850
186268274594845703  37261351735886850
186268272413807622  37261351735886850
186268273487549446  37261351735886850
186268272446313478  37261351735886850
186197903668581382  37261351735886850
185142371466679304  37261351735886850
186268272447362056  37261351735886850
186268273521103880  37261351735886850
186268274594845704  37261351735886850
185141271955051529  37261351735886850
186267172935734281  37261351735886850
186267174009476105  37261351735886850
186267175083217929  37261351735886850
185142371466679305  37261351735886850
186268272447362057  37261351735886850
186268273521103881  37261351735886850
186268274594845705  37261351735886850
42117899999450119  37261351735886850
42117901073191943  37261351735886850
42117902146933767  37261351735886850
42117900033004551  37261351735886850
42117901106746375  37261351735886850
42117902180488199  37261351735886850
42117899965895686  37261351735886850
42117901039637510  37261351735886850
42117899998401542  37261351735886850
42117900031955974  37261351735886850
42047531220669446  37261351735886850
42117899999450120  37261351735886850
42117901073191944  37261351735886850
42117902146933768  37261351735886850
42117900033004552  37261351735886850
42117901106746376  37261351735886850
42117902180488200  37261351735886850
42153084371538950  37261351735886850
42153085445280774  37261351735886850
42153086519022598  37261351735886850
42082715593806854  37261351735886850
42082716667548678  37261351735886850
42082715626312710  37261351735886850
42082715592757254  37261351735886850
42012346848580614  37261351735886850
42153084371571718  37261351735886850
42153085445313542  37261351735886850
42153086519055366  37261351735886850
42082715593839622  37261351735886850
42082716667581446  37261351735886850
42082715626345478  37261351735886850
42082715592790022  37261351735886850
42188268743627782  37261351735886850
42188269817369606  37261351735886850
42188270891111430  37261351735886850
186233087001564167  37261351735886850
186233087035118599  37261351735886850
186233088041751559  37261351735886850
186233089115493383  37261351735886850
186233088074257415  37261351735886850
186233088107811847  37261351735886850
186233088040702982  37261351735886850
186233087001564168  37261351735886850
186233087035118600  37261351735886850
186233088041751560  37261351735886850
186233089115493384  37261351735886850
186233088074257416  37261351735886850
186233088107811848  37261351735886850
186231987489936393  37261351735886850
186231987523490825  37261351735886850
186231988530123785  37261351735886850
186231989603865609  37261351735886850
186231988562629641  37261351735886850
186231988596184073  37261351735886850
186233087001564169  37261351735886850
186233087035118601  37261351735886850
186233088041751561  37261351735886850
186233089115493385  37261351735886850
186233088074257417  37261351735886850
186233088107811849  37261351735886850
186268272447394823  37261351735886850
186268273521136647  37261351735886850
186268274594878471  37261351735886850
186268272413840390  37261351735886850
186268273487582214  37261351735886850
186268272446346246  37261351735886850
186197903668614150  37261351735886850
186268272447427591  37261351735886850
186268273521169415  37261351735886850
186268274594911239  37261351735886850
186268272413873158  37261351735886850
186268273487614982  37261351735886850
186268272446379014  37261351735886850
186197903668646918  37261351735886850
186268272447394824  37261351735886850
186268273521136648  37261351735886850
186268274594878472  37261351735886850
186268272447427592  37261351735886850
186268273521169416  37261351735886850
186268274594911240  37261351735886850
186267172935767049  37261351735886850
186267174009508873  37261351735886850
186267175083250697  37261351735886850
186267172935799817  37261351735886850
186267174009541641  37261351735886850
186267175083283465  37261351735886850
186268272447394825  37261351735886850
186268273521136649  37261351735886850
186268274594878473  37261351735886850
186268272447427593  37261351735886850
186268273521169417  37261351735886850
186268274594911241  37261351735886850
186303456819483655  37261351735886850
186303457893225479  37261351735886850
186303458966967303  37261351735886850
186303456785929222  37261351735886850
186303457859671046  37261351735886850
186303456818435078  37261351735886850
186303456819483656  37261351735886850
186303457893225480  37261351735886850
186303458966967304  37261351735886850
186302357307855881  37261351735886850
186302358381597705  37261351735886850
186302359455339529  37261351735886850
186303456819483657  37261351735886850
186303457893225481  37261351735886850
186303458966967305  37261351735886850
108161199258306575  36065117545268227
144189996277270543  36065117545268227
72133502791223311  36065117545268227
108162299811235855  36065117545268227
72133503864965135  36065117545268227
108162300884977679  36065117545268227
108162298736445455  36065117545268227
144191095755409423  36065117545268227
180253977601247247  36065117545268227
108161199358969871  36065117578822659
144189996377933839  36065117578822659
180253977701910543  36065117578822659
288271306519219372  72093948889334819
288271306519220396  72093948889334819
288271306519219374  72093948889334819
288271306519220398  72093948889334819
288271340878957740  72093948889334819
288271340878958764  72093948889334819
288271340878957742  72093948889334819
288271340878958766  72093948889334819
288271307592961196  72093948889334819
288271307592962220  72093948889334819
288271307592961198  72093948889334819
288271307592962222  72093948889334819
288271341952699564  72093948889334819
288271341952700588  72093948889334819
288271341952699566  72093948889334819
288271341952700590  72093948889334819
180225423051199649  36067315361612833
180260607423288481  36067315361612833
180225423052248225  36067315361612833
180260607424337057  36067315361612833
36558768269497479  36135451862533154
36558769342190727  36135451862533154
36558768269497480  36135451862533154
36558769342190728  36135451862533154
42082715560218630  37261351702332418
42082716633960454  37261351702332418
42082717707702278  37261351702332418
78111512578134022  37261351702332418
114140309597097990  37261351702332418
150169106616061958  37261351702332418
186197903635025926  37261351702332418
150169106617111558  37261351702332418
150169107690853382  37261351702332418
150169108764595206  37261351702332418
186197903636075526  37261351702332418
186197904709817350  37261351702332418
186197905783559174  37261351702332418
42047531188163590  37261351702332418
42047532261905414  37261351702332418
42047533335647238  37261351702332418
42047531187113990  37261351702332418
42082715560251398  37261351702332418
42012346816074758  37261351702332418
42082716633993222  37261351702332418
42012347889816582  37261351702332418
42082717707735046  37261351702332418
42012348963558406  37261351702332418
78111512578166790  37261351702332418
42012346817123334  37261351702332418
42082715560284166  37261351702332418
42082716634025990  37261351702332418
42082717707767814  37261351702332418
78111512578199558  37261351702332418
186233088008197126  37261351702332418
186233089081938950  37261351702332418
186233090155680774  37261351702332418
186162719262970886  37261351702332418
186197903636108294  37261351702332418
186197904709850118  37261351702332418
186197905783591942  37261351702332418
186197903635058694  37261351702332418
186127534890882054  37261351702332418
186197903636141062  37261351702332418
186197904709882886  37261351702332418
186197905783624710  37261351702332418
186197903635091462  37261351702332418
144331799555118100  36100267456955397
144331800628859924  36100267456955397
144331801702601748  36100267456955397
6124287352542214  1232554716922882
6124288426284038  1232554716922882
6124289500025862  1232554716922882
6053918574810118  1232554716922882
6053919648551942  1232554716922882
6053918607315974  1232554716922882
6053918573760518  1232554716922882
6089102980486151  1232554716922882
6089104054227975  1232554716922882
6089105127969799  1232554716922882
6089103014040583  1232554716922882
6089104087782407  1232554716922882
6089105161524231  1232554716922882
6089102946931718  1232554716922882
6089104020673542  1232554716922882
6089102979437574  1232554716922882
6089103012992006  1232554716922882
6018734201705478  1232554716922882
6089102980486152  1232554716922882
6089104054227976  1232554716922882
6089105127969800  1232554716922882
6089103014040584  1232554716922882
6089104087782408  1232554716922882
6089105161524232  1232554716922882
6088003468858377  1232554716922882
6088004542600201  1232554716922882
6088005616342025  1232554716922882
6088003502412809  1232554716922882
6088004576154633  1232554716922882
6088005649896457  1232554716922882
6089102980486153  1232554716922882
6089104054227977  1232554716922882
6089105127969801  1232554716922882
6089103014040585  1232554716922882
6089104087782409  1232554716922882
6089105161524233  1232554716922882
6124287352574982  1232554716922882
6124288426316806  1232554716922882
6124289500058630  1232554716922882
6053918574842886  1232554716922882
6053919648584710  1232554716922882
6053918607348742  1232554716922882
6053918573793286  1232554716922882
5983549829616646  1232554716922882
6124287352607750  1232554716922882
6124288426349574  1232554716922882
6124289500091398  1232554716922882
6053918574875654  1232554716922882
6053919648617478  1232554716922882
6053918607381510  1232554716922882
6053918573826054  1232554716922882
6159471724663814  1232554716922882
6159472798405638  1232554716922882
6159473872147462  1232554716922882
6053918541254662  1232554683368450
6053919614996486  1232554683368450
6053920688738310  1232554683368450
6018734169199622  1232554683368450
6018735242941446  1232554683368450
6018736316683270  1232554683368450
6018734168150022  1232554683368450
6053918541287430  1232554683368450
5983549797110790  1232554683368450
6053919615029254  1232554683368450
5983550870852614  1232554683368450
6053920688771078  1232554683368450
5983551944594438  1232554683368450
5983549798159366  1232554683368450
6053918541320198  1232554683368450
6053919615062022  1232554683368450
6053920688803846  1232554683368450
