77832436675939433  37191050704487458
77832436675940457  37191050704487458
77830237652684937  37191050704487458
77832436675939465  37191050704487458
77832436675940489  37191050704487458
77829138141057161  37191050704487458
77830237653733513  37191050704487458
77829138142105737  37191050704487458
77829139214797961  37191050704487458
77829139215846537  37191050704487458
77829172500794505  37191050704487458
77829172501843081  37191050704487458
77829140288539785  37191050704487458
77829140289588361  37191050704487458
77829141363330185  37191050704487458
77832476404386919  37191051778229282
77832476404387943  37191051778229282
77830277381132423  37191051778229282
77832476404386951  37191051778229282
77832476404387975  37191051778229282
77830277382180999  37191051778229282
77832442044648552  37191051778229282
77832442044649576  37191051778229282
77831342533021801  37191051778229282
77831342534070377  37191051778229282
77832476404386920  37191051778229282
77832476404387944  37191051778229282
77832443118390377  37191051778229282
77832443118391401  37191051778229282
77830243021394056  37191051778229282
77832442044648584  37191051778229282
77832442044649608  37191051778229282
77831342533021833  37191051778229282
77830243022442632  37191051778229282
77831342534070409  37191051778229282
77830277381132424  37191051778229282
77832476404386952  37191051778229282
77832476404387976  37191051778229282
77830277382181000  37191051778229282
77830244095135881  37191051778229282
77832443118390409  37191051778229282
77832443118391433  37191051778229282
77829144583508105  37191051778229282
77830244096184457  37191051778229282
77829144584556681  37191051778229282
77832476404386921  37191051778229282
77832476404387945  37191051778229282
77830277381132425  37191051778229282
77832476404386953  37191051778229282
77832476404387977  37191051778229282
77829177869504649  37191051778229282
77829178943245449  37191051778229282
77830277382181001  37191051778229282
77829177870553225  37191051778229282
77829178944294025  37191051778229282
77830245169926281  37191051778229282
77829145658298505  37191051778229282
77829180018035849  37191051778229282
217796801994098691  73290183181665281
253825599013062659  73290183181665281
289854396032026627  73290183181665281
218922701900941315  73290183181665281
254951498919905283  73290183181665281
290980295938869251  73290183181665281
220048601807783939  73290183181665281
256077398826747907  73290183181665281
292106195845711875  73290183181665281
221174501714659331  73290183181665281
221209686086715395  73290183181665281
257203298733623299  73290183181665281
293232095752587267  73290183181665281
218922701900941316  73290183181665281
254951498919905284  73290183181665281
290980295938869252  73290183181665281
220048601807783940  73290183181665281
256077398826747908  73290183181665281
292106195845711876  73290183181665281
221174501714659332  73290183181665281
221209686086715396  73290183181665281
257203298733623300  73290183181665281
293232095752587268  73290183181665281
254951498919938053  73290183181665281
254951498919970821  73290183181665281
290980295938902021  73290183181665281
290980295938934789  73290183181665281
256077398826780677  73290183181665281
292106195845744645  73290183181665281
257203299807365125  73290183181665281
293232096826329093  73290183181665281
254881131249502213  73290183181665281
254881131249534981  73290183181665281
254986683291994115  73290183181665281
254986683291994116  73290183181665281
290909928268466181  73290183181665281
290909928268498949  73290183181665281
291015480310958083  73290183181665281
291015480310958084  73290183181665281
256007031156344837  73290183181665281
256112583198836739  73290183181665281
256112583198836740  73290183181665281
292035828175308805  73290183181665281
292141380217800707  73290183181665281
292141380217800708  73290183181665281
253860783385151491  73290183181665281
289889580404115459  73290183181665281
254881131249503237  73290183181665281
254881131249536005  73290183181665281
290909928268467205  73290183181665281
290909928268499973  73290183181665281
256007031156345861  73290183181665281
292035828175309829  73290183181665281
254881199969012741  73290183181665281
290909996987976709  73290183181665281
288271306520267948  72093948890383395
288271306520268972  72093948890383395
288271306520267950  72093948890383395
288271306520268974  72093948890383395
144196626099311777  36067315395167265
180190238746219681  36067315395167265
180225423118275745  36067315395167265
144196626132866209  36067315395167265
180190238779774113  36067315395167265
180225423151830177  36067315395167265
180225423185417377  36067315395167265
180260607557506209  36067315395167265
144196626100360353  36067315395167265
180190238747268257  36067315395167265
180225423119324321  36067315395167265
144196626133914785  36067315395167265
180190238780822689  36067315395167265
180225423152878753  36067315395167265
180225423186465953  36067315395167265
180260607558554785  36067315395167265
144196626267083937  36067315428721697
180190238913991841  36067315428721697
180225423286047905  36067315428721697
144196626300638369  36067315428721697
180190238947546273  36067315428721697
180225423319602337  36067315428721697
144196626268132513  36067315428721697
180190238915040417  36067315428721697
180225423287096481  36067315428721697
144196626301686945  36067315428721697
180190238948594849  36067315428721697
180225423320650913  36067315428721697
42082715627328518  37261351735886850
42082716701070342  37261351735886850
42082717774812166  37261351735886850
42082715593773062  37261351735886850
42082716667514886  37261351735886850
42082715626278918  37261351735886850
78111512611688454  37261351735886850
114140309630652422  37261351735886850
150169106649616390  37261351735886850
186197903668580358  37261351735886850
150239475428398086  37261351735886850
150239476502139910  37261351735886850
150239477575881734  37261351735886850
150169106650665990  37261351735886850
150169107724407814  37261351735886850
150169106683171846  37261351735886850
186268272447362054  37261351735886850
186268273521103878  37261351735886850
186268274594845702  37261351735886850
186197903669629958  37261351735886850
186197904743371782  37261351735886850
186197903702135814  37261351735886850
42117899999450118  37261351735886850
42117901073191942  37261351735886850
42117902146933766  37261351735886850
42117900033004550  37261351735886850
42117901106746374  37261351735886850
42117902180488198  37261351735886850
42047531221718022  37261351735886850
42047532295459846  37261351735886850
42047531254223878  37261351735886850
42047531287778310  37261351735886850
42047531220668422  37261351735886850
42082715627361286  37261351735886850
42082716701103110  37261351735886850
42082717774844934  37261351735886850
42082715593805830  37261351735886850
42012346849629190  37261351735886850
42082716667547654  37261351735886850
42012347923371014  37261351735886850
42082715626311686  37261351735886850
42012346882135046  37261351735886850
78111512611721222  37261351735886850
42012346850677766  37261351735886850
42012346915689478  37261351735886850
42082715627394054  37261351735886850
42082716701135878  37261351735886850
42082717774877702  37261351735886850
42082715593838598  37261351735886850
42082716667580422  37261351735886850
42082715626344454  37261351735886850
78111512611753990  37261351735886850
186233088075305991  37261351735886850
186233089149047815  37261351735886850
186233090222789639  37261351735886850
186233088108860423  37261351735886850
186233089182602247  37261351735886850
186233090256344071  37261351735886850
186233088041751558  37261351735886850
186233089115493382  37261351735886850
186233088074257414  37261351735886850
186233088107811846  37261351735886850
186162719296525318  37261351735886850
186233088075305992  37261351735886850
186233089149047816  37261351735886850
186233090222789640  37261351735886850
186233088108860424  37261351735886850
186233089182602248  37261351735886850
186233090256344072  37261351735886850
186231988563678217  37261351735886850
186231989637420041  37261351735886850
186231990711161865  37261351735886850
186231988597232649  37261351735886850
186231989670974473  37261351735886850
186231990744716297  37261351735886850
186233088075305993  37261351735886850
186233089149047817  37261351735886850
186233090222789641  37261351735886850
186233088108860425  37261351735886850
186233089182602249  37261351735886850
186233090256344073  37261351735886850
186268272447394822  37261351735886850
186268273521136646  37261351735886850
186268274594878470  37261351735886850
186197903669662726  37261351735886850
186197904743404550  37261351735886850
186197903702168582  37261351735886850
186197903668613126  37261351735886850
186127534924436486  37261351735886850
186268272447427590  37261351735886850
186268273521169414  37261351735886850
186268274594911238  37261351735886850
186197903669695494  37261351735886850
186197904743437318  37261351735886850
186197903702201350  37261351735886850
186197903668645894  37261351735886850
186303456819483654  37261351735886850
186303457893225478  37261351735886850
186303458966967302  37261351735886850
108162299810187279  36065117545268227
144191096829151247  36065117545268227
108162300883929103  36065117545268227
144191097902893071  36065117545268227
180260607423288449  36067315361612833
180260607424337025  36067315361612833
36558769343239303  36135451862533154
36558770416981127  36135451862533154
36558769342190726  36135451862533154
36558769343239304  36135451862533154
36558770416981128  36135451862533154
78111512579182598  37261351702332418
114140309598146566  37261351702332418
150169106617110534  37261351702332418
186197903636074502  37261351702332418
78111513652924422  37261351702332418
114140310671888390  37261351702332418
150169107690852358  37261351702332418
186197904709816326  37261351702332418
78111514726666246  37261351702332418
114140311745630214  37261351702332418
150169108764594182  37261351702332418
186197905783558150  37261351702332418
42047531188162566  37261351702332418
42047532261904390  37261351702332418
42047533335646214  37261351702332418
78076328206077958  37261351702332418
78111512579215366  37261351702332418
78111513652957190  37261351702332418
42012347890865158  37261351702332418
78111514726699014  37261351702332418
42012348964606982  37261351702332418
78111512579248134  37261351702332418
78111513652989958  37261351702332418
78111514726731782  37261351702332418
186162719264019462  37261351702332418
186162720337761286  37261351702332418
186162721411503110  37261351702332418
186162719262969862  37261351702332418
186197903636107270  37261351702332418
186127534891930630  37261351702332418
186197904709849094  37261351702332418
186127535965672454  37261351702332418
186197905783590918  37261351702332418
186127537039414278  37261351702332418
186127534892979206  37261351702332418
186197903636140038  37261351702332418
186197904709881862  37261351702332418
186197905783623686  37261351702332418
6053918608364550  1232554716922882
6053919682106374  1232554716922882
6053920755848198  1232554716922882
6053918574809094  1232554716922882
6053919648550918  1232554716922882
6053918607314950  1232554716922882
6089102980486150  1232554716922882
6089104054227974  1232554716922882
6089105127969798  1232554716922882
6089103014040582  1232554716922882
6089104087782406  1232554716922882
6089105161524230  1232554716922882
6018734202754054  1232554716922882
6018735276495878  1232554716922882
6018734235259910  1232554716922882
6018734268814342  1232554716922882
6018734201704454  1232554716922882
6053918608397318  1232554716922882
6053919682139142  1232554716922882
6053920755880966  1232554716922882
6053918574841862  1232554716922882
5983549830665222  1232554716922882
6053919648583686  1232554716922882
5983550904407046  1232554716922882
6053918607347718  1232554716922882
5983549863171078  1232554716922882
5983549831713798  1232554716922882
5983549896725510  1232554716922882
6053918608430086  1232554716922882
6053919682171910  1232554716922882
6053920755913734  1232554716922882
6053918574874630  1232554716922882
6053919648616454  1232554716922882
6053918607380486  1232554716922882
6018734169198598  1232554683368450
6018735242940422  1232554683368450
6018736316682246  1232554683368450
5983550871901190  1232554683368450
5983551945643014  1232554683368450
