77829138141056137  37191050704487458
77829138142104713  37191050704487458
77832442044648553  37191051778229282
77832442044649577  37191051778229282
77830243021394057  37191051778229282
77832442044648585  37191051778229282
77832442044649609  37191051778229282
77829143509766281  37191051778229282
77830243022442633  37191051778229282
77829143510814857  37191051778229282
77829144583507081  37191051778229282
77829144584555657  37191051778229282
77829177869503625  37191051778229282
77829177870552201  37191051778229282
77829145658297481  37191051778229282
217796801994131459  73290183181665281
217796801994164227  73290183181665281
217796801994196995  73290183181665281
217831986366187523  73290183181665281
253825599013095427  73290183181665281
253825599013128195  73290183181665281
289854396032059395  73290183181665281
289854396032092163  73290183181665281
218922701900974083  73290183181665281
218922701901006851  73290183181665281
218922701901039619  73290183181665281
218957886273030147  73290183181665281
254951498919938051  73290183181665281
254951498919970819  73290183181665281
290980295938902019  73290183181665281
290980295938934787  73290183181665281
220048601807816707  73290183181665281
220083786179872771  73290183181665281
256077398826780675  73290183181665281
292106195845744643  73290183181665281
221174502788401155  73290183181665281
257203299807365123  73290183181665281
293232096826329091  73290183181665281
218922701900974084  73290183181665281
218922701901006852  73290183181665281
218922701901039620  73290183181665281
218957886273030148  73290183181665281
254951498919938052  73290183181665281
254951498919970820  73290183181665281
290980295938902020  73290183181665281
290980295938934788  73290183181665281
220048601807816708  73290183181665281
220083786179872772  73290183181665281
256077398826780676  73290183181665281
292106195845744644  73290183181665281
221174502788401156  73290183181665281
257203299807365124  73290183181665281
293232096826329092  73290183181665281
254951499993679877  73290183181665281
254951499993712645  73290183181665281
290980297012643845  73290183181665281
290980297012676613  73290183181665281
256077399900522501  73290183181665281
292106196919486469  73290183181665281
180225423118308513  36067315395167265
180260607490397345  36067315395167265
180225423151862945  36067315395167265
180260607523951777  36067315395167265
180260607557506177  36067315395167265
180225423119357089  36067315395167265
180260607491445921  36067315395167265
180225423152911521  36067315395167265
180260607525000353  36067315395167265
180260607558554753  36067315395167265
180225423286080673  36067315428721697
180260607658169505  36067315428721697
180225423319635105  36067315428721697
180260607691723937  36067315428721697
180225423287129249  36067315428721697
180260607659218081  36067315428721697
180225423320683681  36067315428721697
180260607692772513  36067315428721697
42082715627327494  37261351735886850
42082716701069318  37261351735886850
42082717774811142  37261351735886850
78111512612737030  37261351735886850
114140309631700998  37261351735886850
150169106650664966  37261351735886850
186197903669628934  37261351735886850
78111513686478854  37261351735886850
114140310705442822  37261351735886850
150169107724406790  37261351735886850
186197904743370758  37261351735886850
78111512645242886  37261351735886850
114140309664206854  37261351735886850
150169106683170822  37261351735886850
186197903702134790  37261351735886850
150169106684220422  37261351735886850
150169107757962246  37261351735886850
150169108831704070  37261351735886850
186197903703184390  37261351735886850
186197904776926214  37261351735886850
186197905850668038  37261351735886850
42047531255272454  37261351735886850
42047532329014278  37261351735886850
42047533402756102  37261351735886850
42047531288826886  37261351735886850
42047532362568710  37261351735886850
42047533436310534  37261351735886850
42047531221716998  37261351735886850
42047532295458822  37261351735886850
42047531254222854  37261351735886850
42047531287777286  37261351735886850
78076328239632390  37261351735886850
42082715627360262  37261351735886850
42012346883183622  37261351735886850
42082716701102086  37261351735886850
42012347956925446  37261351735886850
42082717774843910  37261351735886850
42012349030667270  37261351735886850
78111512612769798  37261351735886850
42012346916738054  37261351735886850
78111513686511622  37261351735886850
42012347924419590  37261351735886850
42012347990479878  37261351735886850
78111512645275654  37261351735886850
42012346884232198  37261351735886850
42012346917786630  37261351735886850
42082715627393030  37261351735886850
42082716701134854  37261351735886850
42082717774876678  37261351735886850
78111512612802566  37261351735886850
78111513686544390  37261351735886850
78111512645308422  37261351735886850
186233088075305990  37261351735886850
186233089149047814  37261351735886850
186233090222789638  37261351735886850
186233088108860422  37261351735886850
186233089182602246  37261351735886850
186233090256344070  37261351735886850
186162719297573894  37261351735886850
186162720371315718  37261351735886850
186162719330079750  37261351735886850
186162719363634182  37261351735886850
186162719296524294  37261351735886850
186197903703217158  37261351735886850
186197904776958982  37261351735886850
186197905850700806  37261351735886850
186197903669661702  37261351735886850
186127534925485062  37261351735886850
186197904743403526  37261351735886850
186127535999226886  37261351735886850
186197903702167558  37261351735886850
186127534957990918  37261351735886850
186127534926533638  37261351735886850
186127534991545350  37261351735886850
186197903703249926  37261351735886850
186197904776991750  37261351735886850
186197905850733574  37261351735886850
186197903669694470  37261351735886850
186197904743436294  37261351735886850
186197903702200326  37261351735886850
36558769343239302  36135451862533154
36558770416981126  36135451862533154
78076328207126534  37261351702332418
78076329280868358  37261351702332418
78076330354610182  37261351702332418
186162719264018438  37261351702332418
186162720337760262  37261351702332418
186162721411502086  37261351702332418
186127535966721030  37261351702332418
186127537040462854  37261351702332418
6053918608363526  1232554716922882
6053919682105350  1232554716922882
6053920755847174  1232554716922882
6018734236308486  1232554716922882
6018735310050310  1232554716922882
6018736383792134  1232554716922882
6018734269862918  1232554716922882
6018735343604742  1232554716922882
6018736417346566  1232554716922882
6018734202753030  1232554716922882
6018735276494854  1232554716922882
6018734235258886  1232554716922882
6018734268813318  1232554716922882
6053918608396294  1232554716922882
5983549864219654  1232554716922882
6053919682138118  1232554716922882
5983550937961478  1232554716922882
6053920755879942  1232554716922882
5983552011703302  1232554716922882
5983549897774086  1232554716922882
5983550905455622  1232554716922882
5983550971515910  1232554716922882
5983549865268230  1232554716922882
5983549898822662  1232554716922882
6053918608429062  1232554716922882
6053919682170886  1232554716922882
6053920755912710  1232554716922882
