77829143509765257  37191051778229282
77829143510813833  37191051778229282
217796803067873283  73290183181665281
217796803067906051  73290183181665281
217796803067938819  73290183181665281
217795702482569219  73290183181665281
253825600086837251  73290183181665281
253825600086870019  73290183181665281
289854397105801219  73290183181665281
289854397105833987  73290183181665281
218922702974715907  73290183181665281
218922702974748675  73290183181665281
218922702974781443  73290183181665281
218921602389411843  73290183181665281
254951499993679875  73290183181665281
254951499993712643  73290183181665281
290980297012643843  73290183181665281
290980297012676611  73290183181665281
220048602881558531  73290183181665281
256077399900522499  73290183181665281
292106196919486467  73290183181665281
218922702974715908  73290183181665281
218922702974748676  73290183181665281
218922702974781444  73290183181665281
218921602389411844  73290183181665281
254951499993679876  73290183181665281
254951499993712644  73290183181665281
290980297012643844  73290183181665281
290980297012676612  73290183181665281
220048602881558532  73290183181665281
256077399900522500  73290183181665281
292106196919486468  73290183181665281
180260607490397313  36067315395167265
180260607523951745  36067315395167265
180260607491445889  36067315395167265
180260607525000321  36067315395167265
180260607658169473  36067315428721697
180260607691723905  36067315428721697
180260607659218049  36067315428721697
180260607692772481  36067315428721697
78111512646291462  37261351735886850
114140309665255430  37261351735886850
150169106684219398  37261351735886850
186197903703183366  37261351735886850
78111513720033286  37261351735886850
114140310738997254  37261351735886850
150169107757961222  37261351735886850
186197904776925190  37261351735886850
78111514793775110  37261351735886850
114140311812739078  37261351735886850
150169108831703046  37261351735886850
186197905850667014  37261351735886850
42047531255271430  37261351735886850
42047532329013254  37261351735886850
42047533402755078  37261351735886850
42047531288825862  37261351735886850
42047532362567686  37261351735886850
42047533436309510  37261351735886850
42012349064221702  37261351735886850
78076328240680966  37261351735886850
78076329314422790  37261351735886850
78076328273186822  37261351735886850
78076328306741254  37261351735886850
78111512646324230  37261351735886850
78111513720066054  37261351735886850
42012347957974022  37261351735886850
78111514793807878  37261351735886850
42012349031715846  37261351735886850
42012347991528454  37261351735886850
42012349065270278  37261351735886850
78111512646356998  37261351735886850
78111513720098822  37261351735886850
78111514793840646  37261351735886850
186162719331128326  37261351735886850
186162720404870150  37261351735886850
186162721478611974  37261351735886850
186162719364682758  37261351735886850
186162720438424582  37261351735886850
186162721512166406  37261351735886850
186162719297572870  37261351735886850
186162720371314694  37261351735886850
186162719330078726  37261351735886850
186162719363633158  37261351735886850
186197903703216134  37261351735886850
186127534959039494  37261351735886850
186197904776957958  37261351735886850
186127536032781318  37261351735886850
186197905850699782  37261351735886850
186127537106523142  37261351735886850
186127534992593926  37261351735886850
186127536000275462  37261351735886850
186127536066335750  37261351735886850
186127534960088070  37261351735886850
186127534993642502  37261351735886850
186197903703248902  37261351735886850
186197904776990726  37261351735886850
186197905850732550  37261351735886850
6018734236307462  1232554716922882
6018735310049286  1232554716922882
6018736383791110  1232554716922882
6018734269861894  1232554716922882
6018735343603718  1232554716922882
6018736417345542  1232554716922882
5983552045257734  1232554716922882
5983550939010054  1232554716922882
5983552012751878  1232554716922882
5983550972564486  1232554716922882
5983552046306310  1232554716922882
