217795703556311043  73290183181665281
217795702549678083  73290183181665281
218921603463153667  73290183181665281
218921602456520707  73290183181665281
218921603463153668  73290183181665281
218921602456520708  73290183181665281
78076328274235398  37261351735886850
78076329347977222  37261351735886850
78076330421719046  37261351735886850
78076328307789830  37261351735886850
78076329381531654  37261351735886850
78076330455273478  37261351735886850
186162719331127302  37261351735886850
186162720404869126  37261351735886850
186162721478610950  37261351735886850
186162719364681734  37261351735886850
186162720438423558  37261351735886850
186162721512165382  37261351735886850
186127537140077574  37261351735886850
186127536033829894  37261351735886850
186127537107571718  37261351735886850
186127536067384326  37261351735886850
186127537141126150  37261351735886850
